270,0 270,1 271,0 271,1 272,0 272,1 273,0 273,1 274,0 274,1 275,0 275,1 276,2 276,3 277,2 277,3 278,2 278,3 279,2 279,3 280,2 280,3 281,2 281,3 282,2 282,3 283,2 283,3 284,2 284,3 285,2 285,3 286,4 286,5 287,4 287,5 288,4 288,5 289,4 289,5 290,4 290,5 291,4 291,5 292,4 292,5 293,4 293,5 294,4 294,5 295,4 295,5 296,4 296,5 297,4 297,5 298,6 298,7 299,6 299,7 300,6 300,7 301,6 301,7 302,6 302,7 303,6 303,7 304,6 304,7 305,6 305,7 306,6 306,7 307,6 307,7 308,8 308,9 309,8 309,9 310,8 310,9 310,10 310,11 310,12 310,13 310,14 310,15 310,16 310,17 310,18 310,19 310,20 310,21 310,22 310,23 311,22 311,21 311,20 311,19 311,18 311,17 311,16 311,15 311,14 311,13 311,12 311,11 311,10 311,9 311,8 312,8 312,9 313,8 313,9 314,8 314,9 315,8 315,9 316,8 316,9 317,8 317,9 318,10 318,11 319,10 319,11 320,10 320,11 321,10 321,11 322,10 322,11 323,10 323,11 324,10 324,11 325,10 325,11 326,10 326,11 327,10 327,11 328,10 328,11 329,10 329,11 330,12 330,13 331,12 331,13 332,12 332,13 333,12 333,13 334,12 334,13 335,12 335,13 336,12 336,13 337,12 337,13 338,12 338,13 339,12 339,13 340,12 340,13 341,12 341,13 342,12 342,13 343,12 343,13 344,12 344,13 345,12 345,13
311,23 312,24 312,25 312,26 312,27 312,28 312,29 312,30 312,31 312,32 312,33 312,34 312,35 312,36 312,37 312,38 312,39 312,40 312,41 311,42 310,42 310,43 310,44 310,45 310,46 310,47 309,48 308,48 308,49 308,50 308,51 308,52 308,53 307,54 306,54 306,55 306,56 306,57 306,58 306,59 306,60 306,61 305,62 304,62 304,63 304,64 304,65 304,66 304,67 303,68 302,68 302,69 302,70 302,71 302,72 302,73 301,74 300,74 300,75 300,76 300,77 300,78 300,79 299,80 298,80 298,81 298,82 298,83 297,84 296,84 296,85 296,86 296,87 296,88 296,89 295,90 294,90 294,91 294,92 294,93 293,94 292,94 292,95 292,96 292,97 291,98 290,98 290,99 290,100 290,101 290,102 290,103 289,104 288,104 288,105 288,106 288,107 287,108 286,108 286,109 286,110 286,111 285,112 284,112 284,113 283,114 282,114 282,115 281,116 280,116 280,117 279,118 278,118 278,119 277,120 276,120 276,121 275,122 274,122 274,123 273,124 272,124 272,125 271,126 270,126 270,127 269,128 268,128 267,128 266,128 266,129 265,130 264,130 264,131 263,132 262,132 261,132 260,132 260,133 259,134 258,134 258,135 257,136 256,136 255,136 254,136 254,137 253,138 252,138 252,139 251,140 250,140 249,140 248,140 248,141 247,142 246,142 245,142 244,142 243,142 242,142 241,141 240,140 239,139 238,138 237,138 236,138 235,137 234,136 233,136 232,136 232,137 231,138 230,138 230,139 229,140 228,140 228,141 227,142 226,142 225,142 224,142 224,143 223,144 222,144 221,144 220,144 220,145 219,146 218,146 217,146 216,146 216,147 215,148 214,148 213,148 212,148 211,147 210,146 209,146 208,146 207,146 206,146 205,146 204,146 203,146 202,146 201,146 200,146 199,145 198,144 197,143 196,142 196,141 196,140 196,139 196,138 197,138 197,139 197,140 197,141 197,142 196,143
313,26 313,27 313,28 313,29 313,30 313,31 313,32 313,33 313,34 313,35 313,36 313,37 313,38 313,39 313,40 313,41
311,43 311,44 311,45 311,46 311,47
309,49 309,50 309,51 309,52 309,53
307,55 307,56 307,57 307,58 307,59 307,60 307,61
305,63 305,64 305,65 305,66 305,67
303,69 303,70 303,71 303,72 303,73
301,75 301,76 301,77 301,78 301,79
299,81 299,82 299,83
297,85 297,86 297,87 297,88 297,89
295,91 295,92 295,93
293,95 293,96 293,97
291,99 291,100 291,101 291,102 291,103
289,105 289,106 289,107
287,109 287,110 287,111
269,129 268,129 267,129
263,133 262,133 261,133
257,137 256,137 255,137
251,141 250,141 249,141
247,143 246,143 245,143 244,143 243,143 242,143
247,144 246,144 246,145 246,146 246,147 247,146 247,145
247,147 248,148 248,149 248,150 248,151 247,152 246,152 245,152 244,152 243,152 242,152 241,152 240,152 239,152 238,152 237,152 236,152 235,152 234,152 233,152 232,152 231,152 230,152 229,152 228,152 228,153 227,154 226,154 226,155 226,156 226,157 227,156 227,155
249,150 249,151 248,152 247,153 246,153 245,153 244,153 243,153 242,153 241,153 240,153 239,153 238,153 237,153 236,153 235,153 234,153 233,153 232,153 231,153 230,153 229,153
249,152 248,153 249,153
243,154 242,154 242,155 242,156 242,157 242,158 242,159 242,160 242,161 241,162 240,162 239,162 238,162 237,162 236,162 235,161 234,160 233,160 232,160 231,160 230,160 229,159 228,158 227,157
243,155 243,156 243,157 243,158 243,159 243,160 243,161 242,162 241,163 240,163 239,163 238,163 237,163 236,163
243,162 242,163 242,164 242,165 242,166 242,167 243,166 243,165 243,164 243,163
243,167 244,168 244,169 244,170 244,171 244,172 244,173 245,172 245,171 245,170 245,169 245,168
245,173 246,174 246,175 246,176 246,177 246,178 246,179 246,180 246,181 245,182 244,182 244,183 244,184 244,185 243,186 242,186 242,187 241,188 240,188 240,189 239,190 238,190 237,190 236,190 236,191 235,192 234,192 233,192 232,192 231,192 230,192 230,193 229,194 228,194 227,194 226,194 226,195 227,195 228,195 229,195
247,176 247,177 247,178 247,179 247,180 247,181
245,183 245,184 245,185 244,186 243,187 244,187 244,188 244,189 244,190 244,191 245,190 245,189 245,188 245,187 245,186
245,191 246,192 246,193 246,194 246,195 246,196 246,197 246,198 246,199 245,200 244,200 243,200 242,200 242,201 241,202 240,202 239,201 238,200 237,199 236,198 236,197 236,196 235,195 234,194 233,193 232,193 231,193
247,194 247,195 247,196 247,197 247,198 247,199
248,196 248,197 249,196 249,197 250,196 250,197 251,196 251,197
252,195 252,194 253,194 253,195
254,193 254,192 255,192 255,193 256,192 256,193 257,192 257,193
258,191 258,190 259,190 259,191 260,190 260,191 261,190 261,191 262,190 262,191 263,190 263,191 264,190 264,191 265,190 265,191 266,190 266,191 267,190 267,191 268,190 268,191 269,190 269,191 270,190 270,191 271,190 271,191 272,190 272,191 273,190 273,191 274,190 274,191 275,190 275,191 276,192 276,193 277,192 277,193 278,194 278,195 278,196 278,197 279,196 279,195 279,194 280,194 280,195 281,194 281,195 282,194 282,195 283,194 283,195 284,194 284,195 285,194 285,195
286,193 286,192 287,192 287,193 288,192 288,193 289,192 289,193 290,192 290,193 291,192 291,193 292,192 292,193 293,192 293,193 294,192 294,193 295,192 295,193 296,192 296,193 297,192 297,193 298,192 298,193 299,192 299,193 300,192 300,193 301,192 301,193
302,191 302,190 303,190 303,191 304,190 304,191 305,190 305,191 306,190 306,191 307,190 307,191 308,190 308,191 309,190 309,191 310,190 310,191 311,190 311,191 312,190 312,191 313,190 313,191 314,190 314,191 315,190 315,191 316,190 316,191 317,190 317,191
318,189 318,188 319,188 319,189 320,188 320,189 321,188 321,189 322,188 322,189 323,188 323,189 324,188 324,189 325,188 325,189 326,188 326,189 327,188 327,189 328,188 328,189 329,188 329,189 330,188 330,189 331,188 331,189 332,188 332,189 333,188 333,189
334,187 334,186 335,186 335,187 336,186 336,187 337,186 337,187 338,186 338,187 339,186 339,187 340,186 340,187 341,186 341,187 342,186 342,187 343,186 343,187 344,186 344,187 345,186 345,187 346,186 346,187 347,186 347,187
348,185 348,184 349,184 349,185 350,184 350,185 351,184 351,185 352,184 352,185 353,184 353,185 354,184 354,185 355,184 355,185 356,184 356,185 357,184 357,185 358,184 358,185 359,184 359,185 360,184 360,185 361,184 361,185 362,184 362,185 363,184 363,185
364,183 364,182 365,182 365,183 366,182 366,183 367,182 367,183 368,182 368,183 369,182 369,183 370,182 370,183 371,182 371,183 372,182 372,183 373,182 373,183 374,182 374,183 375,182 375,183 376,182 376,183 377,182 377,183 378,182 378,183 379,182 379,183
380,181 380,180 381,180 381,181 382,180 382,181 383,180 383,181 384,180 384,181 385,180 385,181 386,180 386,181 387,180 387,181 388,180 388,181 389,180 389,181 390,180 390,181 391,180 391,181 392,180 392,181 393,180 393,181 394,180 394,181 395,180 395,181
396,179 396,178 397,178 397,179 398,178 398,179 399,178 399,179 400,178 400,179 401,178 401,179 402,178 402,179 403,178 403,179 404,178 404,179 405,178 405,179 406,178 406,179 407,178 407,179 408,178 408,179 409,178 409,179 410,178 410,179 411,178 411,179
412,177 412,176 413,176 413,177 414,176 414,177 415,176 415,177 416,176 416,175 416,174 416,173 416,172 416,171 416,170 415,169 414,168 414,167 414,166 414,165 414,164 414,163 414,162 414,161 414,160 414,159 414,158 415,158 415,159 415,160 415,161 415,162 415,163 415,164 415,165 415,166 415,167 415,168 414,169
416,177 417,176 417,175 417,174 417,173 417,172 417,171 417,170
417,177 418,176 418,177 418,178 418,179 418,180 418,181 418,182 418,183 418,184 418,185 419,184 419,183 419,182 419,181 419,180 419,179 419,178 419,177 419,176
419,185 420,186 420,187 420,188 420,189 421,188 421,187 421,186
421,189 422,190 422,191 422,192 422,193 423,192 423,191 423,190
423,193 424,194 424,195 424,196 424,197 425,196 425,195 425,194
425,197 426,198 426,199 425,200 424,200 423,200 422,200 422,201 421,202 420,202 420,203 420,204 420,205 420,206 420,207 420,208 420,209 420,210 420,211 421,210 421,209 421,208 421,207 421,206 421,205 421,204 421,203
425,201 424,201 423,201
422,210 421,211 422,211 423,210 423,211 424,212 424,213 425,212 425,213 426,212 426,213 427,212 427,213 428,212 428,213 429,212 429,213 430,212 430,213 431,212 431,213 432,214 432,215 433,214 433,215 434,214 434,215 435,214 435,215 436,214 436,215 436,216 436,217 437,216 437,215 437,214 438,214 438,215 439,214 439,215 440,216 440,217 439,218 438,218 437,217
440,219 440,218 441,217 441,216 442,216 442,217 441,218 441,219 442,220 442,221 443,220 443,221 444,220 444,221 445,220 445,221 446,222 446,223 447,222 447,223 448,222 448,223 449,222 449,223 450,224 450,225 451,224 451,225 452,224 452,225 453,224 453,225 454,226 454,227 455,226 455,227 456,226 456,227 457,226 457,227 458,228 458,229 459,228 459,229 460,228 460,229 461,228 461,229 462,230 462,231 461,232 460,232 460,233 459,234 458,234 458,235 458,236 458,237 457,238 456,238 456,239 457,239 458,240 458,241 459,240 459,241 460,242 460,243 461,242 461,243 462,244 462,245 463,244 463,245 464,246 464,247 465,246 465,247 466,248 466,249 467,248 467,249 468,250 468,251 469,250 469,251 470,252 470,253 471,252 471,253 472,254 472,255 473,254 473,255 474,256 474,257 475,256 475,257 476,258 476,259 477,258 477,259 478,260 478,261 479,260 479,261
459,235 459,236 459,237
443,217 443,216 444,216 444,217 445,216 445,217 446,216 446,217 447,216 447,217
448,215 448,214 449,214 449,215 450,214 450,215 451,214 451,215 452,214 452,215 453,214 453,215
454,213 454,212 455,212 455,213 456,212 456,211 456,210 457,210 457,211 457,212 456,213 457,213
458,211 458,210 459,210 459,211
460,209 460,208 461,208 461,209 462,208 462,209 463,208 463,209
464,207 464,206 464,205 464,204 463,203 462,202 461,202 460,202 459,201 458,200 458,201 459,200 460,199 460,198 460,197 460,196 461,196 461,197 461,198 461,199
465,207 465,206 465,205 465,204
466,207 466,206 467,206 467,207 468,208 468,209 469,208 469,209 470,208 470,209 471,208 471,209 472,210 472,211 473,210 473,211 474,210 474,211 475,210 475,211 476,212 476,213 477,212 477,213 478,212 478,213 479,212 479,213
463,202 462,203 461,203 460,203
462,195 462,194 462,193 462,192 463,192 463,193 463,194 463,195
464,191 464,190 464,189 464,188 465,188 465,189 465,190 465,191
466,187 466,186 466,185 466,184 467,184 467,185 467,186 467,187
468,183 468,182 468,181 468,180 469,180 469,181 469,182 469,183
470,179 470,178 470,177 470,176 470,175 470,174 471,174 471,175 471,176 471,177 471,178 471,179
472,173 472,172 472,171 472,170 472,169 472,168 472,167 472,166 472,165 472,164 473,164 473,165 473,166 473,167 473,168 473,169 473,170 473,171 473,172 473,173
474,167 474,166 475,166 475,167 476,166 476,167 477,166 477,167 478,166 478,167 479,166 479,167
474,163 474,162 474,161 474,160 474,159 474,158 474,157 474,156 474,155 474,154 474,153 474,152 474,151 474,150 474,149 474,148 474,147 474,146 474,145 474,144 473,143 472,142 472,141 472,140 471,139 470,138 469,137 468,136 467,135 466,134 466,133 466,132 465,131 464,130 464,131 465,130 466,129 466,128 467,128 467,129
475,163 475,162 475,161 475,160 475,159 475,158 475,157 475,156 475,155 475,154 475,153 475,152 475,151 475,150 475,149 475,148 475,147 475,146 475,145 475,144
468,127 468,126 469,126 469,127
470,125 470,124 470,123 470,122 470,121 470,120 469,119 468,118 467,117 466,116 465,115 464,114 463,114 462,114 462,115 462,116 462,117 462,118 462,119 462,120 462,121 461,122 460,122 459,122 458,122 458,123 457,124 456,124 456,125 455,126 454,126 453,126 452,126 451,125 450,124 449,123 448,122 447,121 446,120 446,119 446,118 445,117 444,116 443,115 442,114 441,113 440,112 440,111 440,110 440,109 440,108 440,107 440,106 439,105 438,104 437,103 436,102 435,102 434,102 433,102 432,102 431,102 430,102 429,101 428,100 427,100 426,100 425,99 424,98 424,97 424,96 423,95 422,94 422,93 422,92 421,91 420,90 420,91 421,90 422,89 422,88 423,88 423,89
471,125 471,124 471,123 471,122 471,121 471,120
469,118 468,117 467,116 466,117
469,117 468,116 469,116
465,114 464,113 464,112 465,112 465,113 466,112 466,113 467,112 467,113 468,112 468,113 469,112 469,113
470,111 470,110 471,110 471,111 472,110 472,111 473,110 473,111 474,110 474,109 474,108 474,107 474,106 474,105 474,104 474,103 474,102 474,101 474,100 474,99 474,98 474,97 474,96 474,95 474,94 474,93 474,92 474,91 474,90 474,89 474,88 474,87 474,86 474,85 474,84 474,83 474,82 474,81 474,80 474,79 474,78 474,77 474,76 474,75 474,74 474,73 474,72 474,71 474,70 474,69 474,68 474,67 474,66 474,65 474,64 474,63 474,62 475,62 475,63 475,64 475,65 475,66 475,67 475,68 475,69 475,70 475,71 475,72 475,73 475,74 475,75 475,76 475,77 475,78 475,79 475,80 475,81 475,82 475,83 475,84 475,85 475,86 475,87 475,88 475,89 475,90 475,91 475,92 475,93 475,94 475,95 475,96 475,97 475,98 475,99 475,100 475,101 475,102 475,103 475,104 475,105 475,106 475,107 475,108 475,109 475,110 474,111 475,111
476,61 476,60 477,60 477,61 478,60 478,61 479,60 479,61
464,115 463,115 463,116 463,117 463,118 463,119 463,120 463,121
461,123 460,123 459,123
455,127 454,127 453,127 452,127 451,128 450,128 449,128 448,128 447,127 446,126 445,126 444,126 443,126 442,126 441,125 440,124 439,124 438,124 437,124 436,124 435,124 434,124 433,123 432,122 431,122 430,122 429,121 428,120 428,119 428,118 428,117 428,116 427,115 426,114 425,114 424,114 423,113 422,112 422,111 422,110 423,110 423,111 423,112 422,113 422,114 422,115 422,116 422,117 421,118 420,118 420,119 419,120 418,120 418,121 418,122 418,123 419,122 419,121
451,124 450,123 449,122 448,123
451,123 450,122 451,122 452,121 452,120 452,119 452,118 452,117 452,116 453,116 453,117 453,118 453,119 453,120 453,121
454,117 454,116 454,115 454,114 453,113 452,112 452,111 452,110 452,109 452,108 451,107 450,106 450,105 450,104 450,103 450,102 449,101 448,100 447,99 446,98 446,97 446,96 446,95 446,94 446,93 446,92 445,91 444,90 444,89 444,88 444,87 444,86 444,85 444,84 444,83 444,82 444,81 444,80 445,80 445,81 445,82 445,83 445,84 445,85 445,86 445,87 445,88 445,89 445,90 444,91
455,117 455,116 455,115 455,114 454,113 453,112 452,113
455,113 454,112 453,111 453,110 453,109 453,108 454,107 454,106 454,105 454,104 454,103 454,102 454,101 454,100 453,99 452,98 452,97 452,96 452,95 452,94 452,93 452,92 452,91 452,90 452,89 452,88 452,87 452,86 452,85 452,84 453,84 453,85 453,86 453,87 453,88 453,89 453,90 453,91 453,92 453,93 453,94 453,95 453,96 453,97 453,98 452,99
455,112 454,111 454,110 454,109 454,108 455,107 455,106 455,105 455,104 455,103 455,102 455,101 455,100
456,111 455,110 455,109 455,108 456,107 456,106 457,106 457,107 456,108 456,109 456,110 455,111
457,111 457,110 457,109 457,108
458,105 458,104 458,103 458,102 458,101 458,100 459,100 459,101 459,102 459,103 459,104 459,105
460,99 460,98 460,97 460,96 461,96 461,97 461,98 461,99
462,95 462,94 462,93 462,92 462,91 462,90 463,90 463,91 463,92 463,93 463,94 463,95
464,89 464,88 464,87 464,86 464,85 464,84 465,84 465,85 465,86 465,87 465,88 465,89
466,83 466,82 466,81 466,80 467,80 467,81 467,82 467,83
468,79 468,78 468,77 468,76 468,75 468,74 468,73 468,72 468,71 468,70 468,69 468,68 467,67 466,66 466,65 466,64 466,63 466,62 466,61 466,60 466,59 466,58 467,58 467,59 467,60 467,61 467,62 467,63 467,64 467,65 467,66 466,67
469,79 469,78 469,77 469,76 469,75 469,74 469,73 469,72 469,71 469,70 469,69 469,68
468,57 468,56 468,55 468,54 469,54 469,55 469,56 469,57
470,53 470,52 470,51 470,50 471,50 471,51 471,52 471,53
472,49 472,48 472,47 472,46 472,45 472,44 472,43 472,42 471,41 470,40 470,39 470,38 470,37 470,36 470,35 470,34 469,33 468,32 468,31 468,30 468,29 468,28 468,27 468,26 468,25 468,24 467,23 466,22 466,21 466,20 466,19 466,18 466,17 466,16 465,15 464,14 464,13 464,12 464,11 464,10 463,9 462,8 461,8 460,8 459,7 458,6 457,6 456,6 455,5 454,4 453,3 452,2 451,2 450,2 449,2 448,2 447,2 446,2 445,2 444,2 443,2 442,2 442,3 441,4 440,4 439,4 438,4 437,4 436,4 435,4 434,4 433,4 432,4 431,4 430,4 429,4 428,4 427,4 426,4 425,4 424,4 423,4 422,4 421,4 420,4 419,4 418,4 418,5 417,6 416,6 415,6 414,6 413,6 412,6 411,6 410,6 409,6 408,6 407,6 406,6 405,6 404,6 403,6 402,6 401,6 400,6 399,6 398,6 397,6 396,6 395,6 394,6 394,7 393,8 392,8 391,8 390,8 389,8 388,8 387,8 386,8 385,8 384,8 383,8 382,8 381,8 380,8 379,8 378,8 377,8 376,8 375,8 374,8 373,8 372,8 371,8 370,8 370,9 369,10 368,10 367,10 366,10 365,10 364,10 363,10 362,10 361,10 360,10 359,10 358,10 357,10 356,10 355,10 354,10 353,10 352,10 351,10 350,10 349,10 348,10 347,10 346,10 346,11 347,11 348,11 349,11 350,11 351,11 352,11 353,11 354,11 355,11 356,11 357,11 358,11 359,11 360,11 361,11 362,11 363,11 364,11 365,11 366,11 367,11 368,11 369,11
473,49 473,48 473,47 473,46 473,45 473,44 473,43 473,42
474,47 474,46 474,45 474,44 475,44 475,45 475,46 475,47
476,43 476,42 476,41 476,40 477,40 477,41 477,42 477,43
478,39 478,38 479,38 479,39
471,39 471,38 471,37 471,36 471,35 471,34
469,31 469,30 469,29 469,28 469,27 469,26 469,25 469,24
467,21 467,20 467,19 467,18 467,17 467,16
465,13 465,12 465,11 465,10
463,8 462,9 461,9 460,9
459,6 458,7 457,7 456,7 455,6 454,5 454,6 454,7 454,8 454,9 454,10 454,11 454,12 454,13 455,12 455,11 455,10 455,9 455,8 455,7
455,13 456,14 456,15 456,16 456,17 456,18 456,19 456,20 456,21 456,22 456,23 455,24 454,24 453,23 452,22 451,21 450,20 450,19 450,18 451,18 451,19 451,20 450,21 449,22 448,22 448,23 448,24 448,25 448,26 448,27 447,28 446,28 446,29 445,30 444,30 443,29 442,28 442,27 442,26 441,25 440,24 440,23 440,22 440,21 440,20 439,19 438,18 438,17 438,16 437,15 436,14 435,13 434,12 434,11 434,10 434,9 434,8 435,8 435,9 435,10 435,11 435,12 434,13 433,14 432,14 432,15 432,16 432,17 432,18 432,19 432,20 432,21 431,22 430,22 430,23 430,24 430,25 430,26 430,27 430,28 430,29 430,30 430,31 429,32 428,32 427,31 426,30 426,29 426,28 426,27 426,26 425,25 424,24 423,24 422,24 421,23 420,22 420,21 420,20 420,19 420,18 420,17 420,16 420,15 420,14 420,13 420,12 420,11 420,10 420,9 420,8 421,8 421,9 421,10 421,11 421,12 421,13 421,14 421,15 421,16 421,17 421,18 421,19 421,20 421,21 421,22 420,23
457,16 457,17 457,18 457,19 457,20 457,21 457,22 457,23 456,24 455,25 454,25 454,26 454,27 455,26 455,27 456,26 456,25 457,24 457,25 457,26 456,27 456,28 456,29 457,28 457,27
457,29 458,30 458,31 458,32 458,33 458,34 458,35 458,36 458,37 458,38 458,39 457,40 456,40 456,41 456,42 456,43 455,44 454,44 454,45 454,46 454,47 455,46 455,45
459,32 459,33 459,34 459,35 459,36 459,37 459,38 459,39
457,41 457,42 457,43
455,47 456,48 456,49 456,50 456,51 456,52 456,53 457,52 457,51 457,50 457,49 457,48
457,53 458,54 458,55 458,56 458,57 458,58 458,59 458,60 458,61 459,60 459,59 459,58 459,57 459,56 459,55 459,54
459,61 460,62 460,63 460,64 460,65 460,66 460,67 461,66 461,65 461,64 461,63 461,62
461,67 462,68 462,69 462,70 462,71 461,72 460,72 460,73 460,74 460,75 459,76 458,76 458,77 457,78 456,78 456,79 455,80 454,80 454,81 454,82 454,83 455,82 455,81
461,73 461,74 461,75
451,105 451,104 451,103 451,102
449,100 448,99 447,98 446,99 446,100 446,101 446,102 446,103 446,104 446,105 445,106 444,106 444,107 444,108 444,109 444,110 444,111 443,112 442,112 441,111 441,110 441,109 441,108 441,107 441,106 440,105 439,104 438,105
449,99 448,98 447,97 447,96 447,95 447,94 447,93 447,92
448,101 447,100 447,101 447,102 447,103 447,104 447,105
446,79 446,78 447,78 447,79
448,77 448,76 449,76 449,77
450,75 450,74 451,74 451,75
452,73 452,72 453,72 453,73
454,71 454,70 454,69 454,68 454,67 454,66 454,65 454,64 453,63 452,62 452,61 452,60 452,59 452,58 452,57 452,56 452,55 452,54 452,53 452,52 451,51 450,50 449,50 448,50 447,49 446,48 446,47 446,46 446,45 446,44 445,43 444,42 444,41 444,40 444,39 444,38 444,37 444,36 444,35 444,34 444,33 444,32 444,31 445,31 445,32 445,33 445,34 445,35 445,36 445,37 445,38 445,39 445,40 445,41 445,42 444,43
455,71 455,70 455,69 455,68 455,67 455,66 455,65 455,64
453,61 453,60 453,59 453,58 453,57 453,56 453,55 453,54 453,53 453,52
451,50 450,49 450,48 450,47 450,46 451,46 451,47 451,48 451,49
450,51 449,51 448,51 447,50 446,49 446,50 446,51 447,51 448,52 448,53 448,54 448,55 447,56 446,56 446,57 446,58 446,59 446,60 446,61 446,62 446,63 445,64 444,64 444,65 444,66 444,67 444,68 444,69 443,70 442,70 442,71 442,72 442,73 442,74 442,75 441,76 440,76 440,77 440,78 440,79 440,80 440,81 440,82 440,83 439,84 438,84 438,85 438,86 438,87 438,88 438,89 438,90 438,91 438,92 438,93 437,94 436,94 435,93 434,92 433,91 432,90 432,89 432,88 432,87 432,86 432,85 432,84 433,84 433,85 433,86 433,87 433,88 433,89 433,90 432,91
449,52 449,53 449,54 449,55
447,48 447,47 447,46 447,45 447,44
446,33 446,32 446,31 446,30 447,29 447,30 447,31 447,32 447,33
449,27 449,26 449,25 449,24 449,23
453,22 452,21 452,20 453,20 453,21
441,23 441,22 441,21 441,20
437,14 436,13 436,12 437,12 437,13
433,15 433,16 433,17 433,18 433,19 433,20 433,21
431,23 431,24 431,25 431,26 431,27 431,28 431,29 431,30 431,31
429,33 428,33 427,32 426,31 426,32 426,33 427,33 428,34 428,35 428,36 428,37 429,36 429,35 429,34
427,30 427,29 427,28 427,27 427,26
425,24 424,23 424,22 424,21 424,20 423,19 422,18 422,17 422,16 422,15 422,14 422,13 422,12 423,12 423,13 423,14 423,15 423,16 423,17 423,18 422,19
425,23 425,22 425,21 425,20
424,25 423,25 422,25 422,26 422,27 422,28 422,29 422,30 422,31 422,32 422,33 422,34 422,35 422,36 422,37 422,38 422,39 423,38 423,37 423,36 423,35 423,34 423,33 423,32 423,31 423,30 423,29 423,28 423,27 423,26
423,39 424,40 424,41 425,40 425,41 426,40 426,41 427,40 427,41 428,42 428,43 429,42 429,43 430,44 430,45 431,44 431,45 432,44 432,45 433,44 433,45 434,46 434,47 435,46 435,47 436,48 436,49 437,48 437,49 438,48 438,49 439,48 439,49 440,50 440,51 440,52 440,53 439,54 438,54 438,55 438,56 438,57 437,58 436,58 435,58 434,58 433,57 432,56 431,56 430,56 430,57 430,58 430,59 429,60 428,60 428,61 428,62 428,63 428,64 428,65 428,66 428,67 427,68 426,68 425,67 424,66 423,66 422,66 421,65 420,64 419,63 418,62 417,61 416,60 415,59 414,58 413,57 412,56 411,55 410,54 409,53 408,52 407,51 406,50 405,49 404,48 404,47 404,46 403,45 402,44 401,43 400,42 399,41 398,40 397,39 396,38 396,39 395,40 394,40 394,41 394,42 394,43 393,44 392,44 392,45 392,46 392,47 392,48 392,49 392,50 392,51 393,50 393,49 393,48 393,47 393,46 393,45
439,55 439,56 439,57 438,58 437,59 436,59 435,59 434,59
439,58 438,59 438,60 438,61 437,62 436,62 436,63 436,64 436,65 436,66 436,67 436,68 436,69 436,70 436,71 435,72 434,72 434,73 434,74 434,75 433,76 432,76 431,75 430,74 429,73 428,72 427,71 426,70 425,69 424,68 423,67 422,67
439,59 439,60 439,61
433,56 432,57 431,57 431,58 431,59
429,61 429,62 429,63 429,64 429,65 429,66 429,67
427,69 426,69 425,68 424,67 425,66 424,65 424,64 424,63 424,62 424,61 424,60 423,59 422,58 422,57 422,56 422,55 422,54 422,53 422,52 421,51 420,50 420,49 420,48 420,47 420,46 420,45 420,44 420,43 420,42 419,41 418,40 418,39 418,38 418,37 418,36 418,35 418,34 417,33 416,32 415,31 414,30 414,29 414,28 414,27 414,26 414,25 414,24 414,23 414,22 414,21 414,20 415,20 415,21 415,22 415,23 415,24 415,25 415,26 415,27 415,28 415,29 415,30 414,31 414,32 414,33 414,34 414,35 414,36 414,37 414,38 414,39 414,40 414,41 414,42 414,43 414,44 414,45 413,46 412,46 411,45 410,44 410,43 410,42 410,41 410,40 410,39 410,38 409,37 408,36 408,35 408,34 408,33 408,32 408,31 408,30 408,29 408,28 407,27 406,26 406,25 406,24 406,23 406,22 406,21 406,20 406,19 406,18 406,17 406,16 405,15 404,14 403,13 402,12 401,12 400,12 400,13 399,14 398,14 398,15 397,16 396,16 396,17 396,18 396,19 396,20 396,21 397,20 397,19 397,18 397,17
427,70 426,71 426,72 426,73 427,72 427,73 428,73 429,72
433,77 432,77 431,78 430,78 430,79 429,80 428,80 428,81 427,82 426,82 426,83 426,84 426,85 425,86 424,86 424,87 425,87
434,78 434,77 434,76 435,75 435,74 435,73
435,79 434,79 434,80 434,81 434,82 434,83 435,82 435,81 435,80
435,78 435,77 435,76
437,71 437,70 437,69 437,68 437,67 437,66 437,65 437,64 437,63
427,83 427,84 427,85
432,103 433,103 434,103 435,103 436,103 437,102 438,101 438,100 438,99 438,98 438,97 438,96 437,95 436,95
443,113 442,113 441,112 440,113 440,114 440,115 441,114 441,115 442,115 443,114
445,111 445,110 445,109 445,108 445,107
441,105 440,104 440,103 440,102 439,101 439,100 439,99 439,98 439,97 439,96 438,95 438,94 439,93 439,92 439,91 439,90 439,89 439,88 439,87 439,86 439,85
441,104 441,103 441,102
441,83 441,82 441,81 441,80 441,79 441,78 441,77
443,75 443,74 443,73 443,72 443,71
445,69 445,68 445,67 445,66 445,65
447,63 447,62 447,61 447,60 447,59 447,58 447,57
425,65 425,64 425,63 425,62 425,61 425,60
415,58 414,57 413,56 412,57
415,57 414,56 414,55 414,54 413,53 412,52 412,51 412,50 412,49 412,48 412,47 413,47 413,48 413,49 413,50 413,51 413,52 412,53 411,54 410,55
415,56 415,55 415,54 414,53 414,52 414,51 414,50 414,49 414,48 414,47 414,46 415,45 415,44 415,43 415,42 415,41 415,40 415,39 415,38 415,37 415,36 415,35 415,34 415,33 415,32 416,31 416,30 416,29 416,28 416,27 416,26 417,26 417,27 417,28 417,29 417,30 417,31 417,32 416,33
415,53 415,52 415,51 415,50 415,49 415,48 415,47 415,46
419,36 419,37 419,38 419,39 419,40 418,41
421,44 421,45 421,46 421,47 421,48 421,49 421,50 420,51
423,54 423,55 423,56 423,57 423,58 422,59
411,43 411,42 411,41 411,40 411,39 411,38
409,35 409,34 409,33 409,32 409,31 409,30 409,29 409,28
407,25 407,24 407,23 407,22 407,21 407,20 407,19 407,18 407,17 407,16
405,14 404,13 403,12 402,13 401,13
405,13 404,12 404,11 404,10 405,10 405,11 405,12
397,21 398,22 398,23 398,24 398,25 398,26 398,27 398,28 398,29 398,30 398,31 398,32 398,33 399,32 399,31 399,30 399,29 399,28 399,27 399,26 399,25 399,24 399,23 399,22
399,33 400,34 400,35 400,36 400,37 400,38 400,39 399,40 398,41
401,36 401,37 401,38 401,39 400,40 400,41 401,40 401,41 401,42 400,43
395,41 395,42 395,43
393,51 394,52 394,53 394,54 394,55 394,56 394,57 394,58 394,59 394,60 394,61 394,62 394,63 395,62 395,61 395,60 395,59 395,58 395,57 395,56 395,55 395,54 395,53 395,52
395,63 396,64 396,65 396,66 396,67 396,68 396,69 397,68 397,67 397,66 397,65 397,64
397,69 398,70 398,71 399,70 399,71 400,70 400,71 401,70 401,71 402,72 402,73 403,72 403,73 404,72 404,73 405,72 405,73 406,74 406,75 407,74 407,75 408,74 408,75 409,74 409,75 410,76 410,77 411,76 411,77 412,76 412,77 413,76 413,77 414,78 414,79 414,80 414,81 413,82 412,82 412,83 412,84 412,85 411,86 410,86 410,87 410,88 410,89 409,90 408,90 408,91 408,92 408,93 409,92 409,91
413,83 413,84 413,85
411,87 411,88 411,89
409,93 410,94 410,95 411,94 411,95 412,96 412,97 412,98 412,99 413,98 413,97 413,96
413,99 414,100 414,101 415,100 415,101 416,102 416,103 417,102 417,103 418,102 418,103 419,102 419,103 420,104 420,105 421,104 421,105 422,104 422,105 423,104 423,105 424,104 424,105 424,106 424,107 424,108 424,109 425,108 425,107 425,106 425,105 425,104
425,115 424,115 423,114 423,115 423,116 423,117 424,116 424,117 425,116 425,117
426,115 427,114 428,114 428,115 429,114 429,115 429,116 429,117 429,118 429,119 429,120 428,121 428,122 428,123 429,122 429,123 430,123 431,123 432,123 433,122
436,125 437,125 438,125 439,125 440,125 441,124
444,127 445,127 446,127 447,126
419,123 420,124 420,125 421,124 421,125 422,126 422,127 422,128 422,129 423,128 423,127 423,126
423,129 424,130 424,131 424,132 424,133 423,134 422,134 422,135 422,136 422,137 421,138 420,138 420,139 420,140 420,141 419,142 418,142 418,143 418,144 418,145 417,146 416,146 416,147 416,148 416,149 416,150 416,151 416,152 416,153 416,154 416,155 416,156 416,157 417,156 417,155 417,154 417,153 417,152 417,151 417,150 417,149 417,148 417,147
423,135 423,136 423,137
421,139 421,140 421,141
419,143 419,144 419,145
455,4 454,3 453,2 452,3 451,3 450,3 449,3 448,3 447,3 446,3 445,3 444,3 443,3
456,3 455,2 454,2 455,3 456,2 457,2 457,3 458,2 458,3 459,2 459,3 460,2 460,3 461,2 461,3 462,2 462,3 463,2 463,3 464,2 464,3 465,2 465,3
466,1 466,0 467,0 467,1 468,0 468,1 469,0 469,1 470,0 470,1 471,0 471,1 472,0 472,1 473,0 473,1 474,0 474,1 475,0 475,1 476,0 476,1 477,0 477,1 478,0 478,1 479,0 479,1
441,5 440,5 439,5 438,5 437,5 436,5 435,5 434,5 433,5 432,5 431,5 430,5 429,5 428,5 427,5 426,5 425,5 424,5 423,5 422,5 421,5 420,5 419,5
417,7 416,7 415,7 414,7 413,7 412,7 411,7 410,7 409,7 408,7 407,7 406,7 405,7 404,7 403,7 402,7 401,7 400,7 399,7 398,7 397,7 396,7 395,7
393,9 392,9 391,9 390,9 389,9 388,9 387,9 386,9 385,9 384,9 383,9 382,9 381,9 380,9 379,9 378,9 377,9 376,9 375,9 374,9 373,9 372,9 371,9
279,197 280,198 280,199 280,200 280,201 281,200 281,199 281,198
281,201 282,202 282,203 282,204 282,205 282,206 282,207 282,208 282,209 282,210 282,211 283,210 283,209 283,208 283,207 283,206 283,205 283,204 283,203 283,202
284,210 283,211 284,211 284,212 284,213 284,214 284,215 285,214 285,213 285,212 285,211 285,210 286,210 286,211 287,210 287,211 288,210 288,211 289,210 289,211 290,210 290,211 291,210 291,211 292,210 292,211 293,210 293,211 294,210 294,211 295,210 295,211 296,210 296,211 297,210 297,211 298,210 298,211 299,210 299,211 300,210 300,211 301,210 301,211 302,210 302,211 303,210 303,211 304,210 304,211 305,210 305,211 306,210 306,211 307,210 307,211
308,209 308,208 309,208 309,209 310,208 310,209 311,208 311,209 312,208 312,209 313,208 313,209 314,208 314,209 315,208 315,209 316,208 316,209 317,208 317,209 318,208 318,209 319,208 319,209 320,208 320,209 321,208 321,209 322,208 322,209 323,208 323,209 324,208 324,209 325,208 325,209 326,208 326,209 327,208 327,209 328,208 328,209 329,208 329,209 330,208 330,209 331,208 331,209 332,208 332,209 333,208 333,209 334,208 334,209 335,208 335,209 336,208 336,209 337,208 337,209 338,208 338,209 339,208 339,209 340,208 340,209 341,208 341,209 342,208 342,209 343,208 343,209 344,208 344,209 345,208 345,209 346,208 346,209 347,208 347,209 348,208 348,209 349,208 349,209 350,208 350,209 351,208 351,209 352,208 352,209 353,208 353,209 354,208 354,209 355,208 355,209 356,208 356,209 357,208 357,209
358,207 358,206 359,206 359,207 360,206 360,207 361,206 361,207 362,206 362,207 363,206 363,207 364,206 364,207 365,206 365,207 366,206 366,207 367,206 367,207 368,206 368,207 369,206 369,207 370,206 370,207 371,206 371,207 372,206 372,207 373,206 373,207 374,206 374,207 375,206 375,207 376,206 376,207 376,208 376,209 375,210 374,210 374,211 374,212 374,213 374,214 374,215 373,216 372,216 372,217 371,218 370,218 369,218 368,218 367,218 366,218 365,218 364,218 363,218 362,218 361,218 360,218 359,218 358,218 357,217 356,216 355,216 354,216 353,216 352,216 351,216 350,216 349,216 348,216 347,216 346,216 345,216 344,216 343,216 342,216 342,217 341,218 340,218 339,218 338,218 338,219 337,220 336,220 335,220 334,220 333,220 332,220 332,221 331,222 330,222 329,222 328,222 328,223 327,224 326,224 325,224 324,224 323,224 322,224 322,225 321,226 320,226 319,226 318,226 318,227 317,228 316,228 315,228 314,228 313,228 312,228 311,227 310,226 309,226 308,226 307,226 306,226 305,225 304,224 303,224 302,224 301,224 300,224 299,224 298,224 297,223 296,222 295,222 294,222 293,222 292,222 291,221 290,220 289,220 288,220 287,219 286,218 286,217 286,216 285,215
377,209 377,208 377,207 377,206 378,206 378,207 379,206 379,207 380,206 380,207 381,206 381,207 382,206 382,207 383,206 383,207 384,206 384,207 385,206 385,207 386,208 386,209 387,208 387,209 388,208 388,209 389,208 389,209 390,208 390,209 391,208 391,209 392,210 392,211 393,210 393,211 394,210 394,211 395,210 395,211 396,210 396,211 397,210 397,211 398,212 398,213 399,212 399,213 400,212 400,213 401,212 401,213 402,212 402,213 403,212 403,213 404,214 404,215 405,214 405,215 406,214 406,215 407,214 407,215 408,214 408,215 409,214 409,215 410,216 410,217 411,216 411,217 412,216 412,217 413,216 413,217 414,218 414,219 415,218 415,219 416,218 416,219 417,218 417,219 418,220 418,221 419,220 419,221 420,220 420,221 421,220 421,221 422,222 422,223 421,224 420,224 420,225 419,226 418,226 417,226 416,226 415,226 414,226 413,226 412,226 411,226 410,226 409,226 408,226 408,227 407,228 406,228 405,228 404,228 403,228 402,228 402,229 402,230 402,231 403,230 403,229 404,229 405,229 406,229 407,229
423,223 422,224 421,225 422,225 423,224 423,225 424,224 424,223 423,222 424,222 425,222 425,223 425,224 424,225 425,225
426,223 426,222 427,222 427,223 428,224 428,225 429,224 429,225 430,224 430,225 431,224 431,225 432,226 432,227 433,226 433,227 434,226 434,227 435,226 435,227 436,228 436,229 437,228 437,229 438,228 438,229 438,230 438,231 437,232 436,232 435,232 434,232 434,233 433,234 432,234 432,235 431,236 430,236 429,236 428,236 428,237 427,238 426,238 426,239 425,240 424,240 423,240 422,240 422,241 421,242 420,242 419,242 418,242 418,243 417,244 416,244 416,245 415,246 414,246 413,246 412,246 412,247 411,248 410,248 410,249 409,250 408,250 407,250 406,250 405,250 404,250 403,250 402,250 401,250 400,250 399,249 398,248 397,248 396,248 395,247 394,246 393,246 392,246 391,246 390,246 389,246 388,246 388,247 387,248 386,248 385,247 384,246 384,245 384,244 384,243 384,242 384,241 384,240 384,239 384,238 384,237 384,236 383,235 382,234 381,233 380,232 379,232 378,232 377,231 376,230 375,230 374,230 373,230 372,230 372,231 371,232 370,232 369,232 368,232 367,231 366,230 365,230 364,230 363,230 362,230 361,230 360,230 359,230 358,230 357,229 356,228 355,228 354,228 353,227 352,226 352,227 351,228 350,228 350,229 351,229 352,228 352,229 353,228 353,229 354,229 355,229 356,229 357,228
439,231 439,230 439,229 439,228
440,232 440,231 440,230 441,230 441,231 441,232 440,233 441,233 442,234 442,235 442,236 442,237 443,236 443,235 443,234
443,237 444,238 444,239 445,238 445,239 446,240 446,241 446,242 446,243 447,242 447,241 447,240
447,243 448,244 448,245 448,246 448,247 449,246 449,245 449,244
449,247 450,248 450,249 450,250 450,251 450,252 450,253 450,254 450,255 450,256 450,257 449,258 448,258 448,259 447,260 446,260 445,260 444,260 444,261 443,262 442,262 442,263 441,264 440,264 440,265 439,266 438,266 437,266 436,266 436,267 435,268 434,268 433,268 432,268 432,269 431,270 430,270 429,270 428,270 427,269 426,268 425,268 424,268 423,267 422,266 421,265 420,264 419,263 418,262 417,262 416,262 415,261 414,260 413,259 412,258 411,257 410,256 409,256 408,256 407,255 406,254 405,253 404,252 403,251 402,251 401,251 400,251
451,250 451,251 451,252 451,253 451,254 451,255 451,256 451,257
447,261 446,261 445,261
439,267 438,267 437,267
435,269 434,269 433,269
431,271 430,271 429,271 428,271 427,270 426,269 425,269 424,269
427,271 426,270 426,271 425,272 424,272 423,272 422,272 422,273 421,274 420,274 419,274 418,274 417,274 416,274 415,273 414,272 414,271 414,270 413,269 412,268 411,268 410,268 409,267 408,266 407,266 406,266 405,266 404,266 403,266 402,266 401,266 400,266 399,266 398,266 397,266 396,266 395,266 394,266 393,265 392,264 391,264 390,264 389,264 388,264 387,264 386,264 385,264 384,264 383,264 382,264 381,264 380,264 379,263 378,262 378,263 377,264 376,264 376,265 375,266 374,266 373,266 372,266 371,266 370,266 370,267 369,268 368,268 367,267 366,266 366,265 366,264 367,264 367,265 367,266 366,267 365,268 364,268 364,269 363,270 362,270 361,270 360,270 359,270 358,270 358,271 357,272 356,272 355,272 354,272 353,272 352,272 351,272 350,272 349,271 348,270 347,270 346,270 345,269 344,268 343,267 342,266 341,266 340,266 339,265 338,264 337,264 336,264 335,264 334,264 333,263 332,262 331,262 330,262 329,262 328,262 327,261 326,260 325,260 324,260 323,260 322,260 321,259 320,258 319,258 318,258 317,258 316,258 315,257 314,256 313,256 312,256 312,257 311,258 310,258 310,259 309,260 308,260 308,261 308,262 308,263 307,264 306,264 306,265 306,266 306,267 305,268 304,268 303,268 302,268 302,269 301,270 300,270 299,270 298,270 298,271 297,272 296,272 296,273 295,274 294,274 293,274 292,274 292,275 291,276 290,276 289,276 288,276 287,276 286,276 285,275 284,274 283,274 282,274 281,274 280,274 279,274 278,274 277,273 276,272 275,272 274,272 273,272 272,272 271,272 270,272 269,271 268,270 267,270 266,270 265,270 264,270 263,270 262,270 261,269 260,268 259,268 258,268 258,269 259,269 260,269 261,268
425,273 424,273 423,273
421,275 420,275 419,275 418,275 417,275 416,275 415,274 414,273 414,274 414,275 413,276 412,276 411,276 410,276 410,277 409,278 408,278 407,278 406,278 406,279 405,280 404,280 403,280 402,280 401,280 400,280 400,281 399,282 398,282 397,282 396,282 395,282 394,282 394,283 393,284 392,284 391,284 390,284 389,284 388,284 388,285 387,286 386,286 385,286 384,286 383,286 382,286 382,287 381,288 380,288 379,288 378,288 378,289 377,290 376,290 375,290 374,290 373,290 372,290 372,291 371,292 370,292 369,292 368,292 367,292 366,292 365,292 364,292 363,292 362,292 362,293 361,294 360,294 359,294 358,294 357,294 356,294 355,294 354,294 353,294 352,294 351,294 350,294 349,294 348,294 347,294 346,294 346,295 345,296 344,296 343,296 342,296 341,296 340,296 339,296 338,296 337,296 336,296 335,296 334,296 333,296 332,296 332,297 331,298 330,298 329,298 328,298 327,298 326,298 325,298 324,298 323,298 322,298 321,297 320,296 319,295 318,294 317,294 316,294 315,294 314,294 313,293 312,292 311,292 310,292 309,292 308,292 307,292 306,292 305,291 304,290 303,290 302,290 301,290 300,290 299,290 298,290 297,290 296,290 295,289 294,288 293,288 292,288 291,288 290,288 289,288 288,288 287,287 286,286 285,286 284,286 283,286 282,286 281,286 280,286 279,286 278,286 277,286 276,286 275,286 274,286 273,286 272,286 271,286 270,286 269,286 268,286 267,286 266,286 265,285 264,284 263,284 262,284 261,284 260,284 259,284 258,284 257,284 256,284 255,284 254,284 254,285 253,286 252,286 251,286 250,286 249,286 248,286 247,286 246,286 245,286 244,286 243,286 242,286 241,286 240,286 239,286 238,286 237,286 236,286 235,286 234,286 234,287 233,288 232,288 231,288 230,288 229,288 228,288 227,288 226,288 225,288 224,288 223,288 222,288 221,287 220,286 220,287 219,288 218,288 218,289 219,289 220,288 220,289 221,288 221,289 222,289 223,289 224,289 225,289 226,289 227,289 228,289 229,289 230,289 231,289 232,289 233,289
421,276 420,276 419,276 418,276 417,276 416,276 415,275 414,276 413,277 412,277 411,277
421,277 420,277 419,277 418,277 417,277 416,277 415,276 414,277 415,277
422,278 422,279 423,278 423,279 424,278 424,279 425,278 425,279 426,278 426,279 427,278 427,279 428,278 428,279 429,278 429,279 430,278 430,279 431,278 431,279 432,278 432,279 433,278 433,279 434,278 434,279 435,278 435,279 436,278 436,279 437,278 437,279 438,280 438,281 439,280 439,281 440,280 440,281 441,280 441,281 442,280 442,281 443,280 443,281 444,280 444,281 445,280 445,281 446,280 446,281 447,280 447,281 448,280 448,281 449,280 449,281 450,280 450,281 451,280 451,281 452,280 452,281 453,280 453,281 454,282 454,283 455,282 455,283 456,282 456,283 457,282 457,283 458,282 458,283 459,282 459,283 460,282 460,283 461,282 461,283 462,282 462,283 463,282 463,283 464,284 464,285 465,284 465,285 466,286 466,287 467,286 467,287 468,288 468,289 469,288 469,289 470,290 470,291 471,290 471,291 472,290 472,291 473,290 473,291 474,292 474,293 475,292 475,293 476,292 476,293 477,292 477,293 478,294 478,295 479,294 479,295
415,272 415,271 415,270
413,268 412,269 411,269 410,269
409,266 408,267 407,267 406,267 405,267 404,267 403,267 402,267 401,267 400,267 399,267 398,267 397,267 396,267 395,267 394,267
393,264 392,265 391,265 390,265 389,265 388,265 387,265 386,265 385,265 384,265 383,265 382,265 381,265 380,265 379,264 378,264 377,265 378,265 379,265
379,262 380,261 380,260 380,259 380,258 380,257 380,256 381,256 381,257 381,258 381,259 381,260 381,261
382,255 382,254 382,253 382,252 382,251 382,250 383,250 383,251 383,252 383,253 383,254 383,255
384,249 384,248 384,247 385,246 385,245 385,244 385,243 385,242 385,241 385,240 385,239 385,238 385,237 385,236 384,235 383,234 382,235
385,249 385,248 386,249 387,249
389,247 390,247 391,247 392,247 393,247 394,247 395,246 396,245 396,244 397,244 397,245 398,244 398,245 399,244 399,245 400,244 400,245 401,244 401,245 402,244 402,245 403,244 403,245
405,252 404,251 405,251 406,251 407,251 408,251 409,251
413,247 414,247 415,247
419,243 420,243 421,243
423,241 424,241 425,241
429,237 430,237 431,237
435,233 436,233 437,233
404,243 404,242 405,242 405,243 406,242 406,243 407,242 407,243 408,242 408,241 408,240 407,239 406,238 406,237 406,236 405,235 404,234 404,233 404,232 403,231
408,243 409,242 409,241 409,240
409,227 410,227 411,227 412,227 413,227 414,227 415,227 416,227 417,227 418,227 419,227
385,235 384,234 385,234
381,232 380,233 379,233 378,233
377,230 376,231 375,231 374,231 373,231
371,233 370,233 369,233 368,233 367,232 366,231 365,231 364,231 363,231 362,231 361,231 360,231 359,231 358,231
367,233 366,232 366,233 365,234 364,234 363,234 362,234 362,235 361,236 360,236 359,236 358,236 358,237 357,238 356,238 355,238 354,238 353,237 352,236 351,236 350,236 349,235 348,234 347,234 346,234 345,234 344,234 343,234 342,234 341,233 340,232 339,232 338,232 337,232 336,232 335,232 334,232 334,233 333,234 332,234 331,234 330,234 329,234 328,234 327,233 326,232 325,232 324,232 323,232 322,232 321,231 320,230 319,230 318,230 317,229 316,229 315,229 314,229 313,229 312,229
365,235 364,235 363,235
361,237 360,237 359,237
357,239 356,239 355,239 354,239 354,240 354,241 353,242 352,242 351,242 350,242 350,243 349,244 348,244 347,244 346,244 345,244 344,244 343,243 342,242 341,242 340,242 339,242 338,242 337,242 336,242 335,242 334,242 333,241 332,240 331,240 330,240 329,240 328,240 327,239 326,238 326,239 325,240 324,240 323,240 322,240 321,239 320,238 319,238 318,238 317,238 316,238 315,238 314,238 313,238 312,238 311,237 310,236 309,236 308,236 307,236 306,236 305,236 304,236 303,235 302,234 301,234 300,234 299,234 298,234 297,233 296,232 295,232 294,232 293,232 292,232 291,231 290,230 289,230 288,230 287,230 286,230 285,229 284,228 283,228 282,228 281,228 280,228 279,227 278,226 277,226 276,226 275,226 274,226 273,226 272,226 271,226 270,226 269,226 268,226 267,226 266,226 265,226 264,226 263,226 262,226 261,225 260,224 259,224 258,224 257,224 256,224 255,224 254,224 253,224 252,224 251,224 250,224 249,224 248,224 247,224 246,224 245,224 244,224 244,225 243,226 242,226 241,226 240,226 239,226 238,226 237,225 236,224 236,223 236,222 236,221 236,220 237,220 237,221 237,222 237,223 237,224 236,225 235,226 234,226 234,227 233,228 232,228 231,227 230,226 229,226 228,226 227,226 226,226 225,226 224,226 223,225 222,224 221,224 220,224 219,224 218,224 217,224 216,224 215,223 214,222 213,222 212,222 211,222 210,222 209,222 208,222 207,222 206,222 205,222 204,222 203,221 202,220 201,220 200,220 199,219 198,218 197,217 196,216 195,215 194,214 194,215 193,216 192,216 192,217 191,218 190,218 190,219 190,220 190,221 189,222 188,222 188,223 187,224 186,224 185,224 184,224 183,223 182,222 182,221 182,220 182,219 182,218 182,217 182,216 182,215 182,214 181,213 180,212 180,211 180,210 180,209 180,208 180,207 180,206 180,205 180,204 180,203 180,202 180,201 180,200 179,199 178,198 178,197 178,196 178,195 178,194 178,193 178,192 177,191 176,190 176,191 175,192 174,192 173,192 172,192 171,192 170,192 170,193 169,194 168,194 167,194 166,194 165,194 164,194 164,195 163,196 162,196 161,196 160,196 159,195 158,194 158,193 158,192 157,191 156,190 155,189 154,188 153,187 152,186 152,185 152,184 151,183 150,182 150,183 151,182 152,181 152,180 153,180 153,181
353,236 352,237 351,237 350,237
349,234 348,235 347,235 346,235 345,235 344,235 343,235 342,235
341,232 340,233 339,233 338,233 337,233 336,233 335,233
333,235 332,235 331,235 330,235 329,235 328,235 328,236 328,237 327,238
327,232 326,233 325,233 324,233 323,233 322,233
321,230 320,231 319,231 318,231
319,227 320,227 321,227
323,225 324,225 325,225 326,225 327,225
329,223 330,223 331,223
333,221 334,221 335,221 336,221 337,221
339,219 340,219 341,219
343,217 344,217 345,217 346,217 347,217 348,217 349,217 350,217 351,217 352,217 353,217 354,217 355,217 356,217 357,216
360,220 360,219 361,219 361,220 360,221 359,222 358,222 358,223 357,224 356,224 355,224 354,224 354,225 353,226
362,219 363,219 364,219 365,219 366,219 367,219 368,219 369,219 370,219 371,219 372,218 372,219 373,218 373,217
375,215 375,214 375,213 375,212 375,211
357,225 356,225 355,225
311,226 310,227 309,227 308,227 307,227 306,227
305,224 304,225 303,225 302,225 301,225 300,225 299,225 298,225
297,222 296,223 295,223 294,223 293,223 292,223
291,220 290,221 289,221 288,221
329,241 328,241 327,240 326,240 325,241 324,241 323,241 322,241
330,241 331,241 332,241 333,240
336,243 337,243 338,243 339,243 340,243 341,243 342,243 343,242
345,245 344,245 343,246 342,246 341,246 340,246 339,246 338,246 337,246 336,246 335,246 334,246 334,247 333,248 332,248 331,248 330,248 329,248 328,248 327,248 326,248 325,248 324,248 324,249 323,250 322,250 321,250 320,250 319,250 318,250 318,251 317,252 316,252 316,253 315,254 314,254 314,255 315,255 315,256 314,257 313,257
346,246 346,245 347,245 347,246 346,247 347,247
351,243 352,243 353,243
343,247 342,247 341,247 340,247 339,247 338,247 337,247 336,247 335,247
333,249 332,249 331,249 330,249 329,249 328,249 327,249 326,249 325,249
323,251 322,251 321,251 320,251 319,251
318,259 319,259 320,259 321,258
324,262 324,261 325,261 325,262 324,263 323,264 322,264 322,265 321,266 320,266 319,266 318,266 317,266 316,266 315,266 314,266 313,266 312,266 312,267 311,268 310,268 309,268 308,268 307,267 306,268 305,269 304,269 303,269
325,263 324,264 323,265 324,265 325,264 325,265
330,263 331,263 332,263 333,262
336,265 337,265 338,265 339,264
347,271 346,271 345,270 344,269 344,270 344,271 345,271
352,273 353,273 354,273 355,273 356,273 357,273
359,271 360,271 361,271 362,271 363,271
365,269 366,268 366,269 367,268 367,269 368,269 369,269
371,267 372,267 373,267 374,267 375,267
368,263 368,262 369,262 369,263
370,261 370,260 371,260 371,261 372,260 372,261 373,260 373,261
374,259 374,258 375,258 375,259
376,257 376,256 376,255 376,254 377,254 377,255 377,256 377,257
378,253 378,252 378,251 378,250 378,249 378,248 378,247 378,246 378,245 378,244 378,243 378,242 378,241 378,240 378,239 378,238 378,237 378,236 379,236 379,237 379,238 379,239 379,240 379,241 379,242 379,243 379,244 379,245 379,246 379,247 379,248 379,249 379,250 379,251 379,252 379,253
321,267 320,267 319,267 318,267 317,267 316,267 315,267 314,267 313,267
311,269 310,269 309,269 308,269 307,268 306,269 307,269
309,263 309,262 309,261
301,271 300,271 299,271
295,275 294,275 293,275
291,277 290,277 289,277 288,277 287,277 286,277
285,274 284,275 283,275 282,275 281,275 280,275 279,275 278,275 278,276 278,277 277,278 276,278 275,278 274,278 274,279 273,280 272,280 272,281 271,282 270,282 269,282 268,282 267,282 266,282 266,283 265,284 264,285 263,285 262,285 261,285 260,285 259,285 258,285 257,285 256,285 255,285
277,272 276,273 275,273 274,273 273,273 272,273 271,273 270,273
269,270 268,271 267,271 266,271 265,271 264,271 263,271 262,271
277,279 276,279 275,279
271,283 270,283 269,283 268,283 267,283
267,287 266,287 265,286 264,286 264,287 265,287
268,287 269,287 270,287 271,287 272,287 273,287 274,287 275,287 276,287 277,287 278,287 279,287 280,287 281,287 282,287 283,287 284,287 285,287 286,287 287,286
290,289 291,289 292,289 293,289 294,289 295,288
298,291 299,291 300,291 301,291 302,291 303,291 304,291 305,290
308,293 309,293 310,293 311,293 312,293 313,292
316,295 317,295 318,295 319,294
323,299 322,299 321,298 320,297 319,298 318,298 317,298 316,298 315,298 314,298 313,298 312,298 311,298 310,298 310,299 309,300 308,300 307,300 306,300 305,300 304,300 303,300 302,300 301,300 300,300 299,300 298,300 297,300 296,300 295,300 294,300 293,300 292,300 291,300 290,300 289,300 288,300 287,300 286,300 285,300 284,300 283,300 282,300 281,300 280,300 280,301 279,302 278,302 277,302 276,302 275,302 274,302 273,302 272,302 271,302 270,302 269,302 268,302 267,302 266,302 265,302 264,302 263,302 262,302 261,302 260,302 259,302 258,302 257,302 256,302 255,302 254,302 253,302 252,302 251,302 250,302 249,302 248,302 247,302 246,302 245,302 244,302 243,302 242,302 241,302 240,302 239,302 238,302 237,302 236,302 235,302 234,302 233,301 232,300 231,300 230,300 229,300 228,300 227,300 226,300 225,300 224,300 223,300 222,300 221,300 220,300 219,300 218,300 217,300 216,300 215,300 214,300 213,300 212,300 211,300 210,300 209,300 208,300 207,300 206,300 205,300 204,300 203,299 202,298 201,298 200,298 199,297 198,296 197,296 196,296 195,295 194,294 193,294 192,294 191,293 190,292 189,292 188,292 187,291 186,290 186,291 187,290 188,289 188,288 189,288 189,289 190,288 190,289 191,288 191,289
324,299 325,299 326,299 327,299 328,299 329,299 330,299 331,299 332,298 332,299 333,298 333,297 334,297 334,298 333,299 334,299 335,298 335,297 336,297 336,298 335,299 336,299 337,298 337,297 338,297 338,298 337,299 338,299 339,298 339,297 340,297 340,298 339,299 340,299 341,298 341,297 342,297 342,298 341,299 342,299 343,298 343,297 344,297 344,298 343,299 344,299 345,298 345,297 346,298 345,299 346,299 347,298 347,299 348,298 348,299 349,298 349,299 350,298 350,299 351,298 351,299 352,298 352,299 353,298 353,299 354,298 354,299 355,298 355,299 356,298 356,299 357,298 357,299 358,298 358,299 359,298 359,299 360,300 360,301 361,300 361,301 362,300 362,301 363,300 363,301 364,300 364,301 365,300 365,301 366,300 366,301 367,300 367,301 368,302 368,303 369,302 369,303 370,302 370,303 371,302 371,303 372,302 372,303 373,302 373,303
347,295 348,295 349,295 350,295 351,295 352,295 353,295 354,295 355,295 356,295 357,295 358,295 359,295 360,295 361,295
363,293 364,293 365,293 366,293 367,293 368,293 369,293 370,293 371,293
373,291 374,291 375,291 376,291 377,291
379,289 380,289 381,289
383,287 384,287 385,287 386,287 387,287
389,285 390,285 391,285 392,285 393,285
395,283 396,283 397,283 398,283 399,283
401,281 402,281 403,281 404,281 405,281
407,279 408,279 409,279
321,299 320,298 319,299 318,299 317,299 316,299 315,299 314,299 313,299 312,299 311,299
309,301 308,301 307,301 306,301 305,301 304,301 303,301 302,301 301,301 300,301 299,301 298,301 297,301 296,301 295,301 294,301 293,301 292,301 291,301 290,301 289,301 288,301 287,301 286,301 285,301 284,301 283,301 282,301 281,301
279,303 278,303 277,303 276,303 275,303 274,303 273,303 272,303 271,303 270,303 269,303 268,303 267,303 266,303 265,303 264,303 263,303 262,303 261,303 260,303 259,303 258,303 257,303 256,303 255,303 254,303 253,303 252,303 251,303 250,303 249,303 248,303 247,303 246,303 245,303 244,303 243,303 242,303 241,303 240,303 239,303 238,303 237,303 236,303 235,303 234,303
233,300 232,301 231,301 230,301 229,301 228,301 227,301 226,301 225,301 224,301 223,301 222,301 221,301 220,301 219,301 218,301 217,301 216,301 215,301 214,301 213,301 212,301 211,301 210,301 209,301 208,301 207,301 206,301 205,301 204,301 203,300 202,299 201,299 200,299 199,300 198,300 197,300 196,300 195,300 194,300 193,300 192,300 191,300 190,300 189,300 188,300 187,300 186,300 185,300 184,300 183,300 182,300 181,300 180,300 179,300 178,300 177,300 176,300 175,300 174,300 173,299 172,298 171,298 170,298 169,298 168,298 167,298 166,298 165,298 164,298 163,298 162,298 161,298 160,298 159,298 158,298 157,298 156,298 155,298 154,298 153,298 152,298 151,298 150,298 149,298 148,298 147,298 146,298 145,298 144,298 143,298 142,298 141,298 140,298 139,298 138,298 137,298 136,298 135,298 134,298 133,298 132,298 131,298 130,298 129,297 128,296 128,295 128,294 129,294 129,295 129,296 128,297 127,298 126,298 125,298 124,298 123,298 122,298 121,298 120,298 119,298 118,298 117,298 116,298 115,298 114,298 113,297 112,296 111,296 110,296 109,296 108,296 107,296 106,296 105,296 104,296 103,296 102,296 101,296 100,296 99,296 98,296 97,296 96,296 95,296 94,296 93,296 92,296 91,296 90,296 89,296 88,296 87,296 86,296 85,296 84,296 83,296 82,296 81,296 80,296 79,295 78,294 77,294 76,294 75,294 74,294 73,294 72,294 71,293 70,292 69,292 68,292 67,292 66,292 65,291 64,290 63,290 62,290 61,290 60,290 59,289 58,288 57,288 56,288 55,288 54,288 53,288 52,288 51,287 50,286 49,286 48,286 47,286 46,286 45,285 44,284 43,284 42,284 41,284 40,284 39,283 38,282 37,282 36,282 35,282 34,282 33,282 32,282 31,281 30,280 29,279 28,278 27,277 26,276 26,275 26,274 25,273 24,272 24,273 25,272 26,271 26,270 26,269 26,268 27,268 27,269 27,270 27,271
203,301 202,300 201,300 200,300 199,301 198,301 197,301 196,301 195,301 194,301 193,301 192,301 191,301 190,301 189,301 188,301 187,301 186,301 185,301 184,301 183,301 182,301 181,301 180,301 179,301 178,301 177,301 176,301 175,301 174,301
202,301 201,301 200,301
173,298 172,299 171,299 170,299 169,299 168,299 167,299 166,299 165,299 164,299 163,299 162,299 161,299 160,299 159,299 158,299 157,299 156,299 155,299 154,299 153,299 152,299 151,299 150,299 149,299 148,299 147,299 146,299 145,299 144,299 143,299 142,299 141,299 140,299 139,299 138,299 137,299 136,299 135,299 134,299 133,299 132,299 131,299 130,299 129,298 128,298 127,299 126,299 125,299 124,299 123,299 122,299 121,299 120,299 119,299 118,299 117,299 116,299 115,299 114,299
130,293 130,292 130,291 130,290 131,290 131,291 131,292 131,293
132,289 132,288 132,287 132,286 132,285 132,284 133,284 133,285 133,286 133,287 133,288 133,289 134,288 134,289 135,288 135,289
136,287 136,286 137,286 137,287 138,286 138,287 139,286 139,287 140,286 140,287 141,286 141,287
142,285 142,284 143,284 143,285 144,284 144,285 145,284 145,285 146,284 146,285 147,284 147,285
148,283 148,282 149,282 149,283 150,282 150,283 151,282 151,283 152,282 152,283 153,282 153,283
154,281 154,280 155,280 155,281 156,280 156,281 157,280 157,281 158,280 158,281 159,280 159,281
160,279 160,278 161,278 161,279 162,278 162,279 163,278 163,279 164,278 164,279 165,278 165,279
166,277 166,276 167,276 167,277 168,276 168,275 168,274 167,273 166,272 165,272 164,272 163,271 162,270 162,269 162,268 162,267 162,266 162,265 162,264 162,263 162,262 162,261 162,260 162,259 162,258 161,257 160,256 159,256 158,256 157,255 156,254 155,254 154,254 153,254 152,254 151,254 150,254 149,254 148,254 147,253 146,252 145,252 144,252 143,252 142,252 141,252 140,252 139,252 138,252 137,251 136,250 135,250 134,250 133,250 132,250 131,249 130,248 130,247 130,246 129,245 128,244 127,243 126,242 126,241 126,240 125,239 124,238 124,237 124,236 123,235 122,234 121,234 120,234 119,234 118,234 117,234 116,234 116,235 115,236 114,236 113,236 112,236 111,236 110,236 109,236 108,236 108,237 107,238 106,238 105,238 104,238 103,238 102,238 102,239 101,240 100,240 99,240 98,240 97,240 96,240 96,241 95,242 94,242 93,242 92,242 91,242 90,242 90,243 89,244 88,244 87,244 86,244 85,244 84,244 84,245 83,246 82,246 81,246 80,246 79,246 78,246 78,247 77,248 76,248 75,248 74,248 73,248 72,248 72,249 71,250 70,250 69,250 68,250 67,250 66,250 65,250 64,250 64,251 63,252 62,252 61,252 60,252 59,252 58,252 58,253 57,254 56,254 55,254 54,254 53,254 52,254 52,255 51,256 50,256 49,256 48,256 47,256 46,256 46,257 45,258 44,258 43,258 42,258 42,259 41,260 40,260 39,260 38,260 38,261 37,262 36,262 35,262 34,262 34,263 33,264 32,264 31,264 30,264 30,265 29,266 28,266 28,267 29,267
168,277 169,276 169,275 169,274 170,274 170,275 171,274 171,275 172,276 172,277 173,276 173,277 174,276 174,277 174,278 174,279 174,280 174,281 175,280 175,279 175,278 175,277 175,276 176,275 176,274 177,274 177,275 176,276 176,277 177,276 177,277
176,280 175,281 176,281 177,280 177,281 178,280 178,281 179,280 179,281 180,280 180,281 181,280 181,281 182,280 182,281 183,280 183,281 184,280 184,281 185,280 185,281 186,280 186,281 187,280 187,281 188,280 188,281 189,280 189,281 190,280 190,281 191,280 191,281 192,280 192,281 193,280 193,281 194,280 194,281 195,280 195,281 196,280 196,281 197,280 197,281
198,279 198,278 199,278 199,279 200,278 200,279 201,278 201,279 202,278 202,279 203,278 203,279 204,278 204,279 204,280 204,281 203,282 202,282 201,282 200,282 200,283 199,284 198,284 197,284 196,284 196,285 195,286 194,286 193,286 192,286 192,287 193,287 194,287 195,287
205,281 205,280 205,279 205,278 206,278 206,279 206,280 206,281 207,280 207,279 207,278 208,278 208,279 209,278 209,279 210,278 210,279 211,278 211,279 212,278 212,279 213,278 213,279 214,278 214,279 215,278 215,279 216,278 216,279 217,278 217,279 218,278 218,279 219,278 219,279 220,278 220,279 221,278 221,279 222,280 222,281 223,280 223,281 224,282 224,283 223,284 222,284 222,285 221,286
225,283 225,282 226,281 226,280 227,280 227,281
228,279 228,278 229,278 229,279
230,277 230,276 231,276 231,277
232,275 232,274 233,274 233,275
234,273 234,272 233,271 232,270 231,270 230,270 229,270 228,270 227,270 226,270 225,270 224,270 223,270 222,270 221,270 220,270 220,271 219,272 218,272 217,272 216,272 216,273 215,274 214,274 213,274 212,274 211,274 210,274 209,273 208,272 207,272 206,272 205,272 204,272 203,271 202,270 201,270 200,270 199,269 198,268 197,268 196,268 195,267 194,266 193,265 192,264 191,263 190,262 189,262 188,262 187,262 186,262 185,262 184,262 183,262 182,262 181,262 180,262 180,263 179,264 178,264 177,264 176,264 175,263 174,262 173,261 172,260 172,259 172,258 171,257 170,256 170,257 171,256 172,255 172,254 173,254 173,255
235,273 235,272 234,271 233,270 232,271 231,271 230,271 229,271 228,271 227,271 226,271 225,271 224,271 223,271 222,271 221,271
236,271 235,270 234,270 235,271 236,270 237,270 237,271
219,273 218,273 217,273
215,275 214,275 213,275 212,275 211,275 210,275
209,272 208,273 207,273 206,273 205,273 204,273
203,270 202,271 201,271 200,271
199,268 198,269 197,269 196,269
195,266 194,265 193,264 192,265 191,264 190,263 189,263 188,263 187,263 186,263 185,263 184,263 183,263 182,263 181,263
196,265 195,264 194,264 195,265 196,264 197,264 197,265 198,264 198,265 199,264 199,265 200,264 200,265 201,264 201,265 202,264 202,265 203,264 203,265 204,266 204,267 205,266 205,267 206,266 206,267 207,266 207,267 208,266 208,267 209,266 209,267 210,266 210,267 211,266 211,267 212,266 212,267 213,266 213,267 214,266 214,267 215,266 215,267 216,266 216,267 217,266 217,267 218,266 218,267 219,266 219,267 220,266 220,267 221,266 221,267 222,266 222,265 222,264 222,263 222,262 222,261 222,260 221,259 220,258 219,257 218,256 217,255 216,254 215,253 214,252 213,251 212,250 211,249 210,248 209,248 208,248 207,247 206,246 205,246 204,246 204,247 203,248 202,248 201,248 200,248 200,249 199,250 198,250 197,250 196,250 196,251 197,251 198,251 199,251
222,267 223,266 223,265 223,264 223,263 223,262 223,261 223,260 222,259 221,258 220,257 219,256 218,255 217,254 216,255 215,256 214,256 213,256 212,256 211,256 210,256 209,256 208,256 207,255 206,254 205,254 204,254 203,254 202,254 201,254 200,254 199,254 198,254 198,255 199,255 200,255 201,255 202,255 203,255 204,255 205,255 206,255 207,254
224,259 223,258 222,258 221,257 220,256 219,255 218,254 219,254
225,259 224,258 223,259
226,259 225,258 226,258 227,258 227,259
228,257 228,256 227,255 226,254 225,253 224,252 223,251 222,250 221,250 220,250 219,249 218,248 217,248 216,248 215,247 214,246 213,246 212,246 211,245 210,244 209,244 208,244 207,243 206,242 205,242 204,242 203,242 202,242 201,241 200,240 199,240 198,240 197,240 196,240 195,240 194,240 194,241 193,242 192,242 191,241 190,240 189,239 188,238 187,238 186,238 185,237 184,236 184,235 184,234 184,233 184,232 184,231 184,230 184,229 184,228 184,227 184,226 183,225 182,224 182,223 183,222 183,221 183,220 183,219 183,218 183,217 183,216 183,215 183,214 182,213 181,212 180,213
223,250 222,251 221,251 220,251
219,248 218,249 217,249 216,249
215,246 214,247 213,247 212,247 211,248 210,249 209,249 208,249
211,244 210,245 209,245 208,245 207,246 206,247 205,247
207,242 206,243 205,243 204,243 203,243 202,243
201,240 200,241 199,241 198,241 197,241 196,241 195,241
193,243 192,243 191,242 190,241 190,242 190,243 189,244 188,244 187,243 186,242 186,241 186,240 186,239 187,239 187,240 187,241 187,242 186,243 186,244 186,245 187,244 187,245 188,245 189,245
188,239 189,238 188,237 188,236 188,235 188,234 187,233 186,232 185,231 185,230 185,229 185,228 185,227 185,226 184,225 183,224 182,225
189,237 189,236 189,235 189,234
185,235 185,234 185,233 185,232 186,231 186,230 186,229 186,228 186,227 186,226 185,225 186,225 187,225 187,226 187,227 187,228 187,229 187,230 187,231 187,232 186,233
188,225 188,224 189,223 189,224 189,225
191,221 191,220 191,219
201,221 200,221 199,220 198,219 198,220 198,221 199,221
206,223 207,223 208,223 209,223 210,223 211,223 212,223 213,223 214,223 215,222
218,225 219,225 220,225 221,225 222,225 223,224
226,227 227,227 228,227 228,228 228,229 229,228 229,227 230,227 230,228 229,229 230,229 231,228 231,229 232,229 233,229 234,228 234,229 235,228 235,227 236,226 236,227 237,226 237,227 238,227 239,227 240,227 241,227 242,227 243,227
245,225 246,225 247,225 248,225 249,225 250,225 251,225 252,225 253,225 254,225 255,225 256,225 257,225 258,225 259,225 260,225 261,224
264,227 265,227 266,227 267,227 268,227 269,227 270,227 271,227 272,227 273,227 274,227 275,227 276,227 277,227 278,227 279,226
282,229 283,229 284,229 285,228
288,231 289,231 290,231 291,230
294,233 295,233 296,233 297,232
300,235 301,235 302,235 303,234
306,237 307,237 308,237 309,237 310,237 311,236
314,239 315,239 316,239 317,239 318,239 319,239 320,239 321,238
238,219 238,218 238,217 238,216 239,216 239,217 239,218 239,219
240,215 240,214 240,213 240,212 241,212 241,213 241,214 241,215
242,211 242,210 242,209 242,208 241,207 240,206 240,205 240,204 239,203 238,202 237,202 236,202 236,203 235,204 234,204 234,205 233,206 232,206 232,207 232,208 232,209 231,210 230,210 230,211 229,212 228,212 227,212 226,212 225,212 224,212 223,212 222,212 221,212 220,212 219,212 218,212 217,212 216,212 215,212 214,212 213,212 212,212 211,212 210,212 209,211 208,210 207,210 206,210 205,209 204,208 203,207 202,206 201,205 200,204 199,204 198,204 197,204 196,204 195,204 194,204 193,203 192,202 191,201 190,200 189,199 188,198 188,197 188,196 187,195 186,194 186,193 186,192 185,191 184,190 183,190 182,190 181,190 180,190 179,190 178,190 177,190 178,191 179,191 179,192 179,193 179,194 179,195 179,196 179,197 179,198 178,199
243,211 243,210 243,209 243,208
241,205 241,204 240,203 239,202 238,201 239,200
243,201 244,201 245,201
233,207 233,208 233,209
229,213 228,213 227,213 226,213 225,213 224,213 223,213 222,213 221,213 220,213 219,213 218,213 217,213 216,213 215,213 214,213 213,213 212,213 211,213 210,213
209,210 208,211 207,211 206,211
205,208 204,207 203,206 202,207
205,207 204,206 205,206 206,205 206,204 207,204 207,205 208,204 208,205 209,204 209,205
210,203 210,202 211,202 211,203
212,201 212,200 213,200 213,201
214,199 214,198 214,197 214,196 215,196 215,197 215,198 215,199
216,195 216,194 216,193 216,192 216,191 216,190 216,189 216,188 215,187 214,186 213,185 212,184 212,185 213,184
217,195 217,194 217,193 217,192 217,191 217,190 217,189 217,188 216,187 215,186 214,187
217,187 216,186 217,186
201,204 200,205 199,205 198,205 197,205 196,205 195,205 194,205 193,204 192,203 191,202 190,201 190,202 190,203 191,203 192,204 192,205 192,206 192,207 193,206 193,205
193,207 194,208 194,209 193,210 192,210 191,210 190,210 189,210 188,210 187,210 186,210 186,211 185,212 184,212 183,212 182,212 181,211 181,210 181,209 181,208 181,207 181,206 181,205 181,204 181,203 181,202 181,201 181,200
195,209 194,210 193,211 192,211 191,211 190,211 189,211 188,211 187,211
195,210 194,211 195,211 196,212 196,213 195,214 196,214 196,215 197,214 197,213 197,212
197,215 197,216 196,217
185,213 184,213 183,213
180,191 181,191 182,191 183,191 184,191 185,190 184,189 184,188 184,187 184,186 183,185 182,184 181,183 180,182 179,181 178,180 178,179 178,178 177,177 176,176 176,175 176,174 176,173 176,172 176,171 176,170 177,170 177,171 177,172 177,173 177,174 177,175 177,176 176,177
187,193 187,192 186,191 186,190 185,189 185,188 185,187 185,186
175,193 174,193 173,193 172,193 171,193 170,194 169,195 168,195 167,195 166,195 165,195
171,194 170,195 170,196 170,197 170,198 170,199 170,200 170,201 170,202 170,203 170,204 170,205 170,206 170,207 171,206 171,205 171,204 171,203 171,202 171,201 171,200 171,199 171,198 171,197 171,196 171,195
171,207 172,208 172,209 172,210 172,211 171,212 170,212 169,212 168,212 167,212 166,212 165,212 164,212 163,212 162,212 161,212 160,212 159,212 158,212 157,211 156,210 155,210 154,210 153,210 152,210 151,210 150,210 149,210 148,210 147,210 146,210 145,210 144,210 143,210 142,210 141,210 140,210 139,210 138,210 137,210 136,210 135,210 134,210 133,209 132,208 131,208 130,208 129,208 128,208 127,208 126,208 125,208 124,208 123,208 122,208 121,208 120,208 119,208 118,208 117,208 116,208 115,208 114,208 113,208 112,208 111,208 110,208 109,207 108,206 107,206 106,206 105,206 104,206 103,206 102,206 101,206 100,206 99,206 98,206 97,206 96,206 95,206 94,206 93,206 92,206 91,206 90,206 89,206 88,206 87,206 86,206 85,205 84,204 83,204 82,204 81,204 80,204 79,204 78,204 77,204 76,204 75,204 74,204 73,204 72,204 71,204 70,204 69,204 68,204 67,204 66,204 65,204 64,204 63,204 62,204 61,203 60,202 59,202 58,202 57,202 56,202 55,202 54,202 53,202 52,202 51,202 50,202 49,202 48,202 47,202 46,202 45,202 44,202 43,202 42,202 41,202 40,202 39,202 38,202 37,201 36,200 35,200 34,200 33,200 32,200 31,200 30,200 29,200 28,200 27,200 26,200 25,200 24,200 23,200 22,200 21,200 20,200 19,200 18,200 17,200 16,200 15,200 14,200 13,199 12,198 11,198 10,198 9,198 8,198 7,198 6,198 5,198 4,198 3,198 2,198 1,198 0,198 0,199 1,199 2,199 3,199 4,199 5,199 6,199 7,199 8,199 9,199 10,199 11,199 12,199 13,198
173,210 173,211 172,212 171,213 170,213 169,213 168,213 167,213 166,213 165,213 164,213 163,213 162,213 161,213 160,213 159,213 158,213
173,212 172,213 172,214 172,215 172,216 172,217 172,218 172,219 172,220 172,221 172,222 172,223 172,224 172,225 171,226 170,226 169,226 168,226 167,226 166,226 165,226 164,226 163,226 162,226 161,226 160,226 159,226 158,226 157,226 156,226 155,226 154,226 154,227 153,228 152,228 151,228 150,228 149,228 148,228 147,228 146,228 145,228 144,228 143,228 142,228 141,228 140,228 139,228 138,228 137,228 136,228 135,228 134,228 134,229 133,230 132,230 131,230 130,230 129,230 128,230 128,231 127,232 126,232 125,232 124,232 123,232 122,232 122,233 123,233 123,234 122,235 121,235 120,235 119,235 118,235 117,235
173,213 173,214 173,215 173,216 173,217 173,218 173,219 173,220 173,221 173,222 173,223 173,224 173,225 172,226 171,227 170,227 169,227 168,227 167,227 166,227 165,227 164,227 163,227 162,227 161,227 160,227 159,227 158,227 157,227 156,227 155,227
173,226 172,227 172,228 172,229 172,230 172,231 172,232 172,233 172,234 172,235 172,236 172,237 173,236 173,235 173,234 173,233 173,232 173,231 173,230 173,229 173,228 173,227
173,237 174,238 174,239 174,240 174,241 174,242 174,243 174,244 174,245 174,246 174,247 174,248 174,249 174,250 174,251 174,252 174,253 175,252 175,251 175,250 175,249 175,248 175,247 175,246 175,245 175,244 175,243 175,242 175,241 175,240 175,239 175,238
177,265 176,265 175,264 174,263 174,264 174,265 175,265
190,264 190,265 189,266 188,266 188,267 187,268 186,268 185,268 184,268 184,269 183,270 182,270 181,270 180,270 180,271 179,272 178,272 178,273 179,273
191,265 190,266 189,267 190,267 191,266 191,267 192,266 192,267 193,266 193,267 194,267
187,269 186,269 185,269
183,271 182,271 181,271
157,210 156,211 155,211 154,211 153,211 152,211 151,211 150,211 149,211 148,211 147,211 146,211 145,211 144,211 143,211 142,211 141,211 140,211 139,211 138,211 137,211 136,211 135,211 134,211
133,208 132,209 131,209 130,209 129,209 128,209 127,209 126,209 125,209 124,209 123,209 122,209 121,209 120,209 119,209 118,209 117,209 116,209 115,209 114,209 113,209 112,209 111,209 110,209
109,206 108,207 107,207 106,207 105,207 104,207 103,207 102,207 101,207 100,207 99,207 98,207 97,207 96,207 95,207 94,207 93,207 92,207 91,207 90,207 89,207 88,207 87,207 86,207
85,204 84,205 83,205 82,205 81,205 80,205 79,205 78,205 77,205 76,205 75,205 74,205 73,205 72,205 71,205 70,205 69,205 68,205 67,205 66,205 65,205 64,205 63,205 62,205
61,202 60,203 59,203 58,203 57,203 56,203 55,203 54,203 53,203 52,203 51,203 50,203 49,203 48,203 47,203 46,203 45,203 44,203 43,203 42,203 41,203 40,203 39,203 38,203
37,200 36,201 35,201 34,201 33,201 32,201 31,201 30,201 29,201 28,201 27,201 26,201 25,201 24,201 23,201 22,201 21,201 20,201 19,201 18,201 17,201 16,201 15,201 14,201
153,229 152,229 151,229 150,229 149,229 148,229 147,229 146,229 145,229 144,229 143,229 142,229 141,229 140,229 139,229 138,229 137,229 136,229 135,229
133,231 132,231 131,231 130,231 129,231
127,233 126,233 125,233 124,233
133,251 132,251 132,252 132,253 133,252 133,253 134,254 134,255 133,256 132,256 132,257 131,258 130,258 130,259 129,260 128,260 127,260 126,260 126,261 125,262 124,262 124,263 123,264 122,264 122,265 121,266 120,266 119,265 118,264 117,264 116,264 115,264 114,264 113,264 112,264 111,263 110,262 109,262 108,262 107,262 106,262 105,262 104,262 103,261 102,260 101,260 100,260 99,260 98,260 97,260 96,260 96,261 95,262 94,262 93,262 92,262 91,262 90,262 89,262 88,262 88,263 87,264 86,264 85,264 84,264 83,264 82,264 81,264 80,264 80,265 79,266 78,266 77,266 76,266 75,266 74,266 73,265 72,264 71,264 70,264 69,264 68,264 67,263 66,262 65,262 64,262 63,262 62,262 61,261 60,260 59,260 58,260 57,260 56,260 55,259 54,258 53,258 52,258 51,257 50,257 49,257 48,257 47,257
134,251 135,251 136,251 137,250
140,253 141,253 142,253 143,253 144,253 145,253 146,253 147,252
150,255 151,255 152,255 153,255 154,255 155,255 156,255 157,254
160,257 161,256 162,256 162,257 163,256 163,257 163,258 163,259 163,260 163,261 163,262 163,263 163,264 163,265 163,266 163,267 163,268 163,269 163,270 162,271
129,261 128,261 127,261
123,265 122,266 121,267 120,267
124,266 123,266 122,267 123,267 124,267 125,266 125,267 126,266 126,267 127,266 127,267 128,268 128,269 129,268 129,269 130,268 130,269 131,268 131,269 132,268 132,269 133,268 133,269 134,268 134,269 135,268 135,269 136,270 136,271 137,270 137,271 138,270 138,271 138,272 138,273 137,274 136,274 136,275 136,276 136,277 135,278 134,278 134,279 134,280 134,281 134,282 134,283 135,282 135,281 135,280 135,279
139,273 139,272 139,271 139,270
137,275 137,276 137,277
119,264 118,265 117,265 116,265 115,265 114,265 113,265 112,265
111,262 110,263 109,263 108,263 107,263 106,263 105,263 104,263
103,260 102,261 101,261 100,261 99,261 98,261 97,261
95,263 94,263 93,263 92,263 91,263 90,263 89,263
87,265 86,265 85,265 84,265 83,265 82,265 81,265
79,267 78,267 77,267 76,267 75,267 74,267
73,264 72,265 71,265 70,265 69,265 68,265
67,262 66,263 65,263 64,263 63,263 62,263
61,260 60,261 59,261 58,261 57,261 56,261
55,258 54,259 53,259 52,259
53,255 54,255 55,255 56,255 57,255
59,253 60,253 61,253 62,253 63,253
65,251 66,251 67,251 68,251 69,251 70,251 71,251
73,249 74,249 75,249 76,249 77,249
79,247 80,247 81,247 82,247 83,247
85,245 86,245 87,245 88,245 89,245
91,243 92,243 93,243 94,243 95,243
97,241 98,241 99,241 100,241 101,241
103,239 104,239 105,239 106,239 107,239
109,237 110,237 111,237 112,237 113,237 114,237 115,237
45,259 44,259 43,259
41,261 40,261 39,261
37,263 36,263 35,263
33,265 32,265 31,265
34,283 35,283 36,283 37,283 38,283 39,282
42,285 43,285 44,285 45,284
48,287 49,287 50,287 51,286
54,289 55,289 56,289 57,289 58,289 59,288
62,291 63,291 64,291 65,290
68,293 69,293 70,293 71,292
74,295 75,295 76,295 77,295 78,295 79,294
82,297 83,297 84,297 85,297 86,297 87,297 88,297 89,297 90,297 91,297 92,297 93,297 94,297 95,297 96,297 97,297 98,297 99,297 100,297 101,297 102,297 103,297 104,297 105,297 106,297 107,297 108,297 109,297 110,297 111,297 112,297 113,296
31,280 30,281 29,280 28,279 28,280 28,281 29,281
163,197 162,197 161,197 160,197
155,188 154,189 153,188 152,187 151,188 150,188 149,188 148,188 147,188 146,188 146,189 145,190 144,190 143,190 142,190 141,190 140,190 139,190 138,190 137,190 136,190 135,190 134,190 133,190 132,190 131,190 130,190 129,190 128,190 127,190 126,190 125,190 124,190 123,190 122,190 121,190 120,190 119,190 118,190 117,190 116,190 115,190 114,190 113,190 112,190 111,190 110,190 109,190 108,190 107,190 106,190 105,190 104,190 103,190 102,190 101,190 100,190 99,190 98,190 97,189 96,188 95,188 94,188 93,188 92,188 91,188 90,188 89,188 88,188 87,188 86,188 85,188 84,188 83,188 82,188 81,188 80,188 79,188 78,188 77,187 76,186 75,186 74,186 73,186 72,186 71,185 70,184 69,184 68,184 67,184 66,184 65,183 64,182 63,182 62,182 61,182 60,182 59,182 58,182 57,181 56,180 55,180 54,180 53,180 52,180 51,179 50,178 49,178 48,178 47,178 46,178 45,177 44,176 43,176 42,176 41,175 40,174 39,174 38,174 37,173 36,172 35,171 34,170 33,170 32,170 31,169 30,168 29,167 28,166 27,166 26,166 25,165 24,164 23,163 22,162 21,162 20,162 19,161 18,160 17,159 16,158 15,158 14,158 13,157 12,156 11,155 10,154 9,154 8,154 7,153 6,152 5,151 4,150 3,150 2,150 1,149 0,148 0,149 1,148
153,189 152,188 151,189 150,189 149,189 148,189 147,189
153,186 153,185 153,184
145,191 144,191 143,191 142,191 141,191 140,191 139,191 138,191 137,191 136,191 135,191 134,191 133,191 132,191 131,191 130,191 129,191 128,191 127,191 126,191 125,191 124,191 123,191 122,191 121,191 120,191 119,191 118,191 117,191 116,191 115,191 114,191 113,191 112,191 111,191 110,191 109,191 108,191 107,191 106,191 105,191 104,191 103,191 102,191 101,191 100,191 99,191 98,191
97,188 96,189 95,189 94,189 93,189 92,189 91,189 90,189 89,189 88,189 87,189 86,189 85,189 84,189 83,189 82,189 81,189 80,189 79,189 78,189
77,186 76,187 75,187 74,187 73,187 72,187
71,184 70,185 69,185 68,185 67,185 66,185
65,182 64,183 63,183 62,183 61,183 60,183 59,183 58,183
57,180 56,181 55,181 54,181 53,181 52,181
51,178 50,179 49,179 48,179 47,179 46,179
45,176 44,177 43,177 42,177
41,174 40,175 39,175 38,175
35,170 34,171 33,171 32,171
29,166 28,167 27,167 26,167
23,162 22,163 21,163 20,163
17,158 16,159 15,159 14,159
11,154 10,155 9,155 8,155
5,150 4,151 3,151 2,151
154,179 154,178 155,178 155,179
156,177 156,176 156,175 156,174 156,173 156,172 155,171 154,170 154,169 154,168 154,167 154,166 153,165 152,164 152,163 152,162 152,161 152,160 151,159 150,158 150,157 150,156 150,155 150,154 151,154 151,155 151,156 151,157 151,158 150,159
157,177 157,176 157,175 157,174 157,173 157,172
158,178 158,179 158,180 158,181 159,180 159,179 159,178
155,169 155,168 155,167 155,166
153,163 153,162 153,161 153,160
152,153 152,152 151,151 150,150 149,150 148,150 147,149 146,148 145,148 144,148 143,148 142,148 141,147 140,146 139,146 138,146 137,145 136,144 136,143 136,142 135,141 134,140 133,139 132,138 131,137 130,136 130,135 130,134 129,133 128,132 127,131 126,130 126,129 126,128 126,127 126,126 125,125 124,124 124,123 124,122 124,121 124,120 124,119 124,118 124,117 124,116 123,115 122,114 122,113 122,112 122,111 122,110 122,109 122,108 123,108 123,109 123,110 123,111 123,112 123,113 123,114 122,115
153,153 153,152 152,151 151,150 150,151 149,151 148,151
153,151 152,150 153,150 154,149 154,148 154,147 154,146 155,146 155,147 155,148 155,149
156,145 156,144 157,144 157,145 158,144 158,145 159,144 159,145
160,143 160,142 161,142 161,143 162,142 162,143 163,142 163,143
164,141 164,140 165,140 165,141 166,142 166,143 167,142 167,143 168,144 168,145 169,144 169,145 170,144 170,145 171,144 171,145 172,146 172,147 173,146 173,147 174,148 174,149 175,148 175,149 176,150 176,151 177,150 177,151 178,150 178,151 179,150 179,151 180,152 180,153 180,154 180,155 180,156 180,157 179,158 178,158 178,159 178,160 178,161 178,162 178,163 178,164 178,165 178,166 178,167 178,168 178,169 179,168 179,167 179,166 179,165 179,164 179,163 179,162 179,161 179,160 179,159
181,154 181,155 181,156 181,157 182,156 182,157 183,156 183,157 184,156 184,157 185,156 185,157 186,156 186,157 186,158 186,159 186,160 186,161 186,162 186,163 187,162 187,161 187,160 187,159 187,158 187,157 187,156 188,155 188,154 189,154 189,155 190,154 190,155 191,154 191,155 192,154 192,155 193,154 193,155 194,154 194,155 195,154 195,155 196,154 196,155 197,154 197,155 198,154 198,155 199,154 199,155
187,163 188,164 188,165 188,166 188,167 188,168 188,169 188,170 188,171 188,172 188,173 188,174 188,175 188,176 188,177 189,176 189,175 189,174 189,173 189,172 189,171 189,170 189,169 189,168 189,167 189,166 189,165 189,164
189,177 190,178 190,179 190,180 190,181 190,182 190,183 190,184 190,185 191,184 191,183 191,182 191,181 191,180 191,179 191,178 192,177 192,176 193,176 193,177 192,178 192,179 192,180 192,181 193,180 193,179 193,178
194,175 194,174 194,173 194,172 195,172 195,173 195,174 195,175 196,174 196,175 197,174 197,175 198,174 198,175 199,174 199,175 200,176 200,177 201,176 201,177 202,176 202,177 203,176 203,177 204,178 204,179 205,178 205,179 206,178 206,179 207,178 207,179 208,180 208,181 209,180 209,181
208,177 208,176 207,175 206,174 205,174 204,174 203,173 202,172 202,171 202,170 202,169 202,168 202,167 202,166 202,165 202,164 203,164 203,165 203,166 203,167 203,168 203,169 203,170 203,171 203,172 202,173
209,177 209,176 210,176 210,177 211,176 211,177 212,178 212,179 213,178 213,179 214,178 214,179 215,178 215,179 216,180 216,181 217,180 217,181 218,180 218,179 218,178 219,178 219,179 219,180 218,181 219,181
220,177 220,176 220,175 220,174 220,173 220,172 220,171 220,170 221,170 221,171 221,172 221,173 221,174 221,175 221,176 221,177
222,169 222,168 222,167 222,166 222,165 222,164 223,164 223,165 223,166 223,167 223,168 223,169
224,163 224,162 224,161 224,160 223,159 222,158 222,157 222,156 221,155 220,154 219,153 218,152 218,151 218,150 219,150 219,151 219,152 218,153 217,154 216,154 216,155 217,155
225,163 225,162 225,161 225,160
220,149 220,148 219,147 218,147 217,147
221,149 221,148 222,147 222,146 221,145 222,145 223,145 223,146 223,147
225,143 226,143 227,143
233,137 234,137 235,136 234,135 234,134 235,134 235,135
236,133 236,132 237,132 237,133
238,131 238,130 238,129 238,128 239,128 239,129 239,130 239,131
240,127 240,126 241,126 241,127
242,125 242,124 243,124 243,125
244,123 244,122 245,122 245,123
246,121 246,120 247,120 247,121
248,119 248,118 249,118 249,119
250,117 250,116 251,116 251,117
252,115 252,114 252,113 252,112 252,111 252,110 253,110 253,111 253,112 253,113 253,114 253,115
254,109 254,108 254,107 254,106 254,105 254,104 254,103 254,102 255,102 255,103 255,104 255,105 255,106 255,107 255,108 255,109
256,101 256,100 256,99 256,98 256,97 256,96 256,95 256,94 256,93 256,92 257,92 257,93 257,94 257,95 257,96 257,97 257,98 257,99 257,100 257,101
258,91 258,90 258,89 258,88 258,87 258,86 258,85 258,84 259,84 259,85 259,86 259,87 259,88 259,89 259,90 259,91
260,83 260,82 260,81 260,80 260,79 260,78 260,77 260,76 260,75 260,74 260,73 260,72 260,71 260,70 259,69 258,68 258,67 258,66 258,65 258,64 258,63 258,62 258,61 258,60 257,59 256,58 255,57 254,56 253,55 252,54 251,53 250,52 249,52 248,52 247,51 246,50 245,49 244,48 243,47 242,46 241,45 240,44 239,43 238,42 237,42 236,42 235,42 234,42 233,42 232,42 231,41 230,40 229,40 228,40 227,40 226,40 225,40 224,40 223,40 222,40 221,40 220,40 219,39 218,38 217,38 216,38 215,38 214,38 214,39 213,40 212,40 211,40 210,40 210,41 209,42 208,42 207,42 206,42 206,43 205,44 204,44 204,45 203,46 202,46 201,46 200,46 200,47 199,48 198,48 197,48 196,48 196,49 195,50 194,50 194,51 193,52 192,52 191,52 190,52 190,53 189,54 188,54 187,54 186,54 186,55 185,56 184,56 183,56 182,56 181,56 180,56 180,57 179,58 178,58 177,58 176,58 176,59 175,60 174,60 173,60 172,60 171,60 170,60 169,60 168,60 167,60 166,60 166,61 165,62 164,62 163,62 162,62 161,62 160,62 160,63 160,64 160,65 160,66 160,67 159,68 158,68 158,69 157,70 156,70 155,70 154,70 153,70 152,70 152,71 151,72 150,72 149,72 148,72 147,72 146,72 146,73 145,74 144,74 143,74 142,74 142,75 143,75 144,75 145,75 146,76 146,77 145,78 144,78 143,78 142,78 141,78 140,78 139,78 138,78 138,79 137,80 136,80 135,80 134,80 134,81 134,82 134,83 133,84 132,84 132,85 132,86 132,87 131,88 130,88 130,89 130,90 130,91 130,92 130,93 129,94 128,94 128,95 128,96 128,97 127,98 126,98 126,99 126,100 126,101 126,102 126,103 125,104 124,104 124,105 124,106 124,107 125,106 125,105
261,83 261,82 261,81 261,80 261,79 261,78 261,77 261,76 261,75 261,74 261,73 261,72 261,71 261,70
259,67 259,66 259,65 259,64 259,63 259,62 259,61 259,60
251,52 250,53 249,53 248,53
239,42 238,43 237,43 236,43 235,43 234,43 233,43 232,43
231,40 230,41 229,41 228,41 227,41 226,41 225,41 224,41 223,41 222,41 221,41 220,41
225,42 224,42 224,43 225,43 226,44 226,45 227,44 227,45 228,46 228,47 229,46 229,47 230,48 230,49 229,50 228,50 227,50 226,50 225,50 224,50 223,50 222,50 221,49 220,48 219,48 218,48 217,48 216,48 216,49 215,50 214,50 213,50 212,50 212,51 211,52 210,52 209,52 208,52 207,52 206,52 206,53 205,54 204,54 203,54 202,54 201,54 200,54 200,55 199,56 198,56 197,56 196,56 196,57 195,58 194,58 193,58 192,58 192,59 193,59 194,59 194,60 194,61 194,62 194,63 195,62 195,61 195,60 195,59
232,50 232,51 231,52 230,52 229,51 228,51 227,51 226,51 225,51 224,51 223,51 222,51
233,51 232,52 231,53 230,53
234,52 233,52 232,53 233,53 234,53 235,52 235,53
221,48 220,49 219,49 218,49 217,49
215,51 214,51 213,51
211,53 210,53 209,53 208,53 207,53
205,55 204,55 203,55 202,55 201,55
199,57 198,57 197,57
195,63 196,64 196,65 196,66 196,67 197,66 197,65 197,64
197,67 198,68 198,69 197,70 196,70 195,70 194,70 193,69 192,68 191,68 190,68 189,67 188,66 187,66 186,66 186,67 185,68 184,68 184,69 183,70 182,70 181,70 180,70 180,71 179,72 178,72 177,71 176,70 176,71 175,72 174,72 174,73 173,74 172,74 171,74 170,74 170,75 169,76 168,76 168,77 167,78 166,78 166,79 165,80 164,80 164,81 163,82 162,82 162,83 161,84 160,84 159,84 158,84 158,85 157,86 156,86 155,85 154,84 154,83 154,82 153,81 152,80 151,80 150,80 150,81 149,82 148,82 147,82 146,82 145,81 144,80 143,79 142,79 141,79 140,79 139,79
199,69 198,70 197,71 196,71 195,71 194,71
199,70 198,71 198,72 198,73 199,72 199,71 200,72 199,73 200,73 201,72 201,73
193,68 192,69 191,69 190,69
189,66 188,67 187,67
183,71 182,71 181,71
179,73 178,73 177,72 176,72 175,73 174,74 173,75 172,75 171,75
177,73 176,73 175,74 174,75 174,76 174,77 175,76 175,75 176,74 176,75 177,74 177,75
161,85 160,85 159,85
157,87 156,87 155,86 154,85 154,86 154,87 153,88 152,88 152,89 152,90 152,91 153,90 153,89 154,88 154,89 155,88 155,87
155,84 155,83 155,82 156,81 156,80 155,79 154,78 154,79 153,80 152,81 151,81
157,81 157,80 156,79 155,78 156,78 157,78 157,79
149,83 148,83 147,83 146,83 145,84 144,84 143,83 142,82 142,83 142,84 142,85 143,84 143,85 144,85 145,85
145,80 144,79 145,79
147,77 147,76 148,76 148,77 149,76 149,77
147,73 148,73 149,73 150,73 151,73
153,71 154,71 155,71 156,71 157,71
159,69 160,68 160,69 161,68 161,67 161,66 161,65 161,64 161,63 162,63 163,63 164,63 165,63
167,61 168,61 169,61 170,61 171,61 172,61 173,61 174,61 175,61
177,59 178,59 179,59
181,57 182,57 183,57 184,57 185,57
187,55 188,55 189,55
191,53 192,53 193,53
197,49 198,49 199,49
201,47 202,47 203,47
207,43 208,43 209,43
211,41 212,41 213,41
215,39 216,39 217,39 218,39 219,38
137,81 136,81 135,81 135,82 135,83
133,85 133,86 133,87
131,89 131,90 131,91 131,92 131,93
129,95 129,96 129,97
127,99 127,100 127,101 127,102 127,103
125,118 125,119 125,120 125,121 125,122 125,123 125,124 124,125
127,128 127,129 127,130 126,131
144,149 145,149 146,149 147,148
215,149 214,149 213,149 212,149 211,150 210,150 209,150 208,150 208,151 207,152 206,152 205,152 204,152 203,152 202,152 201,152 200,152 200,153 201,153 202,153 203,153 204,153 204,154 204,155 204,156 204,157 204,158 204,159 204,160 204,161 204,162 204,163 205,162 205,161 205,160 205,159 205,158 205,157 205,156 205,155 205,154 205,153 206,153 207,153
211,146 210,145 210,144 210,143 210,142 210,141 210,140 210,139 210,138 209,137 208,136 208,137 207,138 206,138 206,139 205,140 204,140 203,140 202,140 202,141 201,142 200,142 200,143 199,144 198,145 198,146 198,147 199,146 199,147 200,147 201,147 202,147 203,147 204,147 205,147 206,147 207,147 208,147 209,147 210,147
211,145 211,144 211,143 211,142 211,141 211,140 211,139 211,138 210,137 209,136 210,135 210,134 210,133 210,132 210,131 210,130 209,129 208,128 207,127 206,126 205,125 204,124 204,125 203,126 202,126 202,127 201,128 200,128 200,129 200,130 200,131 199,132 198,132 198,133 198,134 198,135 198,136 198,137 199,136 199,135 199,134 199,133
211,137 210,136 211,135 211,134 211,133 211,132 211,131 211,130
203,141 204,141 204,142 204,143 205,142 205,141
201,131 201,130 201,129
211,151 210,151 209,151
235,194 234,193 235,193
237,191 238,191 239,191
217,256 216,256 215,257 214,257 213,257 212,257 211,257 210,257 209,257 208,257
218,257 217,257 216,257
203,249 202,249 201,249
235,287 236,287 237,287 238,287 239,287 240,287 241,287 242,287 243,287 244,287 245,287 246,287 247,287 248,287 249,287 250,287 251,287 252,287 253,287
203,283 202,283 201,283
199,285 198,285 197,285
231,161 230,161 229,160 228,159 228,160 228,161 229,161 230,162 230,163 230,164 230,165 231,164 231,163 231,162 232,161 233,161 234,161 235,160
240,82 240,83 239,84 238,84 238,85 238,86 238,87 237,88 236,88 235,88 234,88 234,89 233,90 232,90 231,90 230,90 229,90 228,90 228,91 228,92 228,93 227,94 226,94 226,95 226,96 226,97 226,98 226,99 226,100 226,101 226,102 226,103 227,102 227,101 227,100 227,99 227,98 227,97 227,96 227,95
239,85 239,86 239,87
237,89 236,89 235,89
233,91 232,91 231,91 230,91 229,91 229,92 229,93
234,92 233,92 232,92 232,93 233,93 234,93 234,94 234,95 234,96 234,97 235,96 235,95 235,94 235,93 235,92
236,96 235,97 236,97 236,98 236,99 236,100 236,101 236,102 236,103 236,104 236,105 236,106 236,107 235,108 234,108 234,109 234,110 234,111 233,112 232,112 231,111 230,110 229,109 228,108 228,107 228,106 228,105 228,104 227,103 228,102 228,101 228,100 229,100 229,101 229,102 228,103 229,103 229,104 229,105 229,106 229,107 229,108 228,109
237,97 237,96 238,95 238,94 239,94 239,95 240,94 240,93 240,92 241,92 241,93 241,94 240,95 241,95
237,98 237,99 237,100 237,101 237,102 237,103 237,104 237,105 237,106 237,107
242,91 242,90 243,90 243,91
233,113 232,113 231,112 230,111 230,112 230,113 231,113
234,113 234,112 235,111 235,110 235,109
138,92 138,93 137,94 136,94 136,95 135,96 134,96 134,97 133,98 132,98 132,99 132,100 132,101 131,102 130,102 130,103 130,104 130,105 130,106 130,107 129,108 128,108 128,109 128,110 128,111 128,112 128,113 129,112 129,111 129,110 129,109
139,93 138,94 137,95 138,95 139,94 139,95 140,96 140,97 140,98 140,99 139,100 138,100 138,101 138,102 138,103 137,104 136,104 136,105 136,106 136,107 135,108 134,108 134,109 134,110 134,111 135,110 135,109
139,101 139,102 139,103
137,105 137,106 137,107
135,111 136,112 136,113 136,114 136,115 137,114 137,113 137,112
137,115 138,116 138,117 137,118 136,118 136,119 135,120 134,120 133,119 132,118 131,117 130,116 130,115 130,114 129,113
139,117 138,118 137,119 138,119 139,118 139,119
135,121 134,121 133,120 132,119 132,120 132,121 133,121
131,107 131,106 131,105 131,104 131,103
133,101 133,100 133,99
172,110 172,111 171,112 170,112 170,113 169,114 168,114 167,114 166,114 165,114 164,114 163,114 162,114 161,114 160,114 159,114 158,114 157,113 156,112 155,112 154,112 153,112 152,112 152,113 153,113 154,113 155,113 156,113 157,112
174,112 174,113 175,112 175,113 176,114 176,115 177,114 177,115 178,114 178,115 179,114 179,115 180,116 180,117 180,118 180,119 179,120 178,120 178,121 178,122 178,123 178,124 178,125 177,126 176,126 176,127 175,128 174,128 173,128 172,128 171,127 170,126 170,125 170,124 169,123 168,122 168,121 168,120 168,119 168,118 167,117 166,116 165,115 164,115 163,115 162,115 161,115 160,115 159,115 158,115
179,121 179,122 179,123 179,124 179,125
175,129 174,129 173,129 172,129 171,128 170,127 170,128 170,129 171,129
171,126 171,125 171,124
169,121 169,120 169,119 169,118 168,117 167,116 166,115 167,115 168,115 168,116 169,115 169,116 169,117
166,117 165,118 164,118 163,118 162,118 161,118 160,118 159,118 158,118 158,119 159,119 160,119 161,119 162,119 163,119 164,119 165,119
138,124 138,125 137,126 136,126 136,127 136,128 136,129 136,130 136,131 137,130 137,129 137,128 137,127
140,126 140,127 141,126 141,127 142,128 142,129 143,128 143,129 144,130 144,131 143,132 142,132 142,133 141,134 140,134 139,133 138,132 137,131
141,135 140,135 139,134 138,133 138,134 138,135 138,136 138,137 139,136 139,135
458,142 458,143 458,144 458,145 459,144 459,143 459,142 460,142 460,143 461,142 461,143 462,142 462,143 462,144 462,145 461,146 460,146 459,145
463,145 463,144 463,143 463,142
464,145 464,144 465,144 465,145 466,146 466,147 466,148 466,149 467,148 467,147 467,146
467,149 468,150 468,151 468,152 468,153 468,154 468,155 467,156 466,156 466,157 466,158 466,159 466,160 466,161 466,162 466,163 466,164 466,165 465,166 464,166 464,167 464,168 464,169 463,170 462,170 462,171 462,172 462,173 461,174 460,174 459,173 458,172 458,171 458,170 458,169 458,168 459,168 459,169 459,170 459,171 459,172 458,173 457,174 456,174 456,175 456,176 456,177 457,176 457,175 458,176 457,177 458,177 459,176 459,177 460,176 460,175 461,175 461,176 460,177 461,177
469,152 469,153 469,154 469,155
467,157 467,158 467,159 467,160 467,161 467,162 467,163 467,164 467,165
465,167 465,168 465,169
463,171 463,172 463,173
460,167 460,166 460,165 460,164 460,163 460,162 461,162 461,163 461,164 461,165 461,166 461,167
462,161 462,160 462,159 462,158 462,157 462,156 462,155 462,154 461,153 460,152 460,151 460,150 460,149 460,148 460,147 461,147 461,148 461,149 461,150 461,151 461,152 460,153
463,161 463,160 463,159 463,158 463,157 463,156 463,155 463,154
P 76,53 6
P 338,5 0 1
P 350,113 2 7
P 18,184 2 7
P 475,122 2 7
P 474,14 2 7
P 186,203 2 7
P 407,60 0 4
P 450,68 0 4
P 466,41 0 4
P 406,38 4 6
P 438,35 4 6
P 469,103 4 6
P 450,114 4 7
P 420,57 4
P 429,92 4
P 453,36 4
P 433,68 4
P 39,226 1 7
P 391,198 1 7
P 478,190 1 7
P 188,214 1 7
P 338,302 1 7
P 471,229 0 1
P 438,156 3 7
P 113,248 0 1
P 97,282 3
P 165,286 2
P 151,268 6
P 155,236 4
P 191,274 0 2
P 210,290 3
P 314,275 0 2
P 394,256 6
P 438,252 0 1
P 418,234 4
P 384,222 3
P 315,217 0 1
P 342,227 2
P 339,237 2 6
P 361,253 2 6
P 195,98 2
P 175,67 0 4
P 175,120 0 4
P 232,100 0 4
P 206,134 2 3
P 214,167 6 7
P 236,157 6 7
P 182,249 6 7
P 242,195 6 7
P 315,262 1 5
P 167,163 5 7
P 199,184 5 7
P 268,212 5 7
P 250,246 5 7
P 197,161 5 7
P 426,295 0 2
P 229,218 2 3
