188,0 188,1 187,2 186,2 185,2 184,2 184,3 183,4 182,4 181,4 180,4 179,4 178,4 178,5 177,6 176,6 175,6 174,6 174,7 173,8 172,8 171,8 170,8 169,8 168,8 168,9 167,10 166,10 165,10 164,10 164,11 163,12 162,12 161,12 160,12 159,12 158,12 158,13 157,14 156,14 155,14 154,14 154,15 153,16 152,16 151,16 150,16 149,16 148,16 148,17 147,18 146,18 145,18 144,18 144,19 143,20 142,20 141,20 140,20 139,20 138,20 138,21 137,22 136,22 135,22 134,22 134,23 133,24 132,24 131,24 130,24 129,24 128,24 128,25 127,26 126,26 125,26 124,26 124,27 123,28 122,28 121,28 120,28 119,28 118,28 118,29 117,30 116,30 115,30 114,30 114,31 113,32 112,32 111,32 110,32 109,32 108,32 108,33 107,34 106,34 105,34 104,34 104,35 103,36 102,36 101,36 100,36 99,36 98,36 98,37 97,38 96,38 95,38 94,38 94,39 93,40 92,40 91,40 90,40 89,40 88,40 88,41 87,42 86,42 85,42 84,42 84,43 83,44 82,44 81,44 80,44 79,44 78,44 78,45 77,46 76,46 75,46 74,46 74,47 73,48 72,48 71,48 70,48 69,48 68,48 68,49 67,50 66,50 65,50 64,50 64,51 63,52 62,52 61,52 60,52 59,52 58,52 58,53 57,54 56,54 55,54 54,54 54,55 53,56 52,56 51,56 50,56 49,56 48,56 48,57 47,58 46,58 45,58 44,58 44,59 43,60 42,60 41,60 40,60 39,60 38,60 38,61 37,62 36,62 35,62 34,62 34,63 33,64 32,64 31,64 30,64 29,64 28,64 28,65 27,66 26,66 25,66 24,66 24,67 23,68 22,68 21,68 20,68 19,68 18,68 18,69 17,70 16,70 15,70 14,70 14,71 13,72 12,72 11,72 10,72 9,72 8,72 8,73 7,74 6,74 5,74 4,74 4,75 3,76 2,76 1,76 0,76 0,77 1,77 2,77 3,77
189,1 189,0 190,0 190,1 191,0 191,1
187,3 186,3 185,3
183,5 182,5 181,5 180,5 179,5
177,7 176,7 175,7
173,9 172,9 171,9 170,9 169,9 170,10 170,11 169,12 168,12 167,11 166,11 165,11 166,12 166,13 165,14 164,14 163,13 162,13 161,13 160,13 159,13
174,10 173,10 172,10 171,10 171,11 172,11 173,11 174,11 175,10 175,11 176,10 176,11 177,10 177,11 178,10 178,11 179,10 179,11 180,12 180,13 180,14 180,15 181,14 181,13 181,12 182,12 182,13 183,12 183,13
184,11 184,10 185,10 185,11
186,9 186,8 187,8 187,9
188,7 188,6 189,6 189,7 190,6 190,7 191,6 191,7 192,6 192,7 193,6 193,7 194,6 194,7 195,6 195,7 196,6 196,7 197,6 197,7 198,6 198,7 199,6 199,7 200,8 200,9 201,8 201,9 202,10 202,11 202,12 202,13 202,14 202,15 202,16 202,17 202,18 202,19 202,20 202,21 202,22 202,23 202,24 202,25 202,26 202,27 201,28 200,28 200,29 199,30 198,30 198,31 197,32 196,32 196,33 195,34 194,34 194,35 193,36 192,36 192,37 191,38 190,38 189,38 188,38 188,39 187,40 186,40 185,40 184,40 183,40 182,40 181,40 180,40 179,39 178,38 177,38 176,38 175,38 174,38 173,38 172,38 171,37 170,36 169,36 168,36 167,35 166,34 165,33 164,32 164,31 164,30 163,29 162,28 161,27 160,26 160,25 160,24 160,23 160,22 161,22 161,23 161,24 161,25 161,26 160,27
203,12 203,13 203,14 203,15 203,16 203,17 203,18 203,19 203,20 203,21 203,22 203,23 203,24 203,25 203,26 203,27
191,39 190,39 189,39
187,41 186,41 185,41 184,41 183,41 182,41 181,41 180,41
179,38 178,39 177,39 176,39 175,39 174,39 173,39 172,39
171,36 170,37 169,37 168,37
162,21 162,20 162,19 162,18 162,17 162,16 163,16 163,17 163,18 163,19 163,20 163,21
167,13 167,12 168,13 169,13
157,15 156,15 155,15
153,17 152,17 151,17 150,17 149,17
147,19 146,19 145,19
143,21 142,21 141,21 140,21 139,21
137,23 136,23 135,23
133,25 132,25 131,25 130,25 129,25
127,27 126,27 125,27
123,29 122,29 121,29 120,29 119,29
117,31 116,31 115,31
113,33 112,33 111,33 110,33 109,33
107,35 106,35 105,35
103,37 102,37 101,37 100,37 99,37
97,39 96,39 95,39
93,41 92,41 91,41 90,41 89,41
87,43 86,43 85,43
83,45 82,45 81,45 80,45 79,45
77,47 76,47 75,47
73,49 72,49 71,49 70,49 69,49
67,51 66,51 65,51
63,53 62,53 61,53 60,53 59,53
57,55 56,55 55,55
53,57 52,57 51,57 50,57 49,57
47,59 46,59 45,59
43,61 42,61 41,61 40,61 39,61
37,63 36,63 35,63
33,65 32,65 31,65 30,65 29,65
27,67 26,67 25,67
23,69 22,69 21,69 20,69 19,69
17,71 16,71 15,71
13,73 12,73 11,73 10,73 9,73
7,75 6,75 5,75
282,14 282,15 281,16 280,16 279,16 278,16 277,16 276,16 275,16 274,16 273,16 272,16 271,16 270,16 270,17 269,18 268,18 267,18 266,18 266,19 265,20 264,20 263,20 262,20 262,21 261,22 260,22 259,22 258,22 258,23 257,24 256,24 255,24 254,24 254,25 253,26 252,26 252,27 252,28 252,29 252,30 252,31 251,32 250,32 250,33 250,34 250,35 250,36 250,37 250,38 250,39 250,40 250,41 250,42 250,43 249,44 248,44 248,45 248,46 248,47 248,48 248,49 248,50 248,51 248,52 248,53 248,54 248,55 247,56 246,56 246,57 246,58 246,59 246,60 246,61 245,62 244,62 244,63 244,64 244,65 243,66 242,66 242,67 242,68 242,69 241,70 240,70 240,71 240,72 240,73 239,74 238,74 238,75 238,76 238,77 237,78 236,78 236,79 236,80 236,81 235,82 234,82 234,83 234,84 234,85 233,86 232,86 232,87 232,88 232,89 231,90 230,90 229,89 228,88 227,87 226,86 226,85 226,84 225,83 224,82 223,81 222,80 221,79 220,78 219,78 218,78 217,77 216,76 215,76 214,76 213,75 212,74 211,74 210,74 209,73 208,72 207,72 206,72 205,71 204,70 203,70 202,70 201,69 200,68 199,67 198,66 197,66 196,66 195,66 194,66 194,67 195,67 196,67 197,67 198,67 198,68 198,69 199,68 199,69 200,69 201,68 200,67 199,66 200,66 201,66 201,67
283,15 283,14 284,14 284,15 285,14 285,15 286,14 286,15 287,14 287,15 288,14 288,15 288,16 288,17 287,18 286,18 286,19 286,20 286,21 285,22 284,22 284,23 284,24 284,25 285,24 285,23
289,17 289,16 289,15 289,14
281,17 280,17 279,17 278,17 277,17 276,17 275,17 274,17 273,17 272,17 271,17
279,18 278,18 278,19 277,20 276,20 276,21 275,22 274,22 274,23 275,23
269,19 268,19 267,19
265,21 264,21 263,21
261,23 260,23 259,23
257,25 256,25 255,25
253,27 253,28 253,29 253,30 253,31
251,33 251,34 251,35 251,36 251,37 251,38 251,39 251,40 251,41 251,42 251,43 252,42 252,43 252,44 252,45 252,46 252,47 252,48 252,49 253,48 253,47 253,46 253,45 253,44 253,43 253,42
249,45 249,46 249,47 249,48 249,49 249,50 249,51 249,52 249,53 249,54 249,55
247,57 247,58 247,59 247,60 247,61
245,63 245,64 245,65
243,67 243,68 243,69
241,71 241,72 241,73
239,75 239,76 239,77
237,79 237,80 237,81
235,83 235,84 235,85
233,87 233,88 233,89
231,91 230,91 229,90 228,89 228,90 228,91 229,91 230,92 230,93 229,94 228,94 228,95 228,96 228,97 227,98 226,98 226,99 226,100 226,101 225,102 224,102 224,103 223,104 222,104 222,105 222,106 222,107 221,108 220,108 220,109 219,110 218,110 218,111 218,112 218,113 217,114 216,114 215,113 214,112 213,112 212,112 212,113 211,114 210,114 209,114 208,114 207,114 206,114 205,113 204,112 203,112 202,112 201,112 200,112 199,112 198,112 197,112 196,112 195,112 194,112 194,113 193,114 192,114 192,115 192,116 192,117 191,118 190,118 190,119 190,120 190,121 190,122 190,123 191,122 191,121 191,120 191,119
225,82 224,81 223,80 222,81
225,81 224,80 225,80
221,78 220,79 219,79 218,79
217,76 216,77 215,77 214,77
213,74 212,75 211,75 210,75
209,72 208,73 207,73 206,73 205,72 204,71 203,71 202,71 201,72 200,72 199,72 198,72 197,72 196,72 196,73 195,74 194,74 193,74 192,74 191,74 190,74 189,74 188,74 188,75 189,75 190,75 190,76 190,77 191,76 191,75 192,75 193,75 194,75 195,75
205,73 204,72 203,72 202,72 201,73 200,73 199,73 198,73 197,73
204,73 203,73 202,73
191,77 192,78 192,79 191,80 190,80 189,80 188,80 187,80 186,80 185,79 184,78 183,78 182,78 181,78 180,78 179,78 178,78 177,77 176,76 175,76 174,76 173,76 172,76 171,76 170,76 169,76 168,76 167,76 166,76 165,76 164,76 163,76 162,76 161,76 160,76 159,76 158,76 157,76 156,76 155,76 154,76 154,77 155,77 156,77 157,77 158,77 158,78 158,79 157,80 156,80 156,81 155,82 154,82 153,82 152,82 151,82 150,82 149,82 148,82 147,82 146,82 145,82 144,82 143,82 142,82 142,83 141,84 140,84 140,85 139,86 138,86 138,87 137,88 136,88 135,88 134,88 134,89 133,90 132,90 131,89 130,88 130,87 130,86 129,85 128,84 127,84 126,84 126,85 125,86 124,86 123,86 122,86 122,87 121,88 120,88 119,88 118,88 117,88 116,88 116,89 115,90 114,90 113,90 112,90 112,91 111,92 110,92 109,92 108,92 108,93 107,94 106,94 105,94 104,94 104,95 103,96 102,96 102,97 101,98 100,98 100,99 99,100 98,100 98,101 97,102 96,102 96,103 95,104 94,104 93,103 92,102 92,101 92,100 92,99 92,98 93,98 93,99 93,100 93,101 93,102 92,103 92,104 92,105 91,106 90,106 90,107 90,108 90,109 91,108 91,107 92,106 92,107 93,106 93,105 93,104 94,105 95,105
193,79 192,80 191,81 190,81 189,81 188,81 187,81 186,81
194,79 193,78 194,78 195,78 195,79 196,80 196,81 195,82 194,82 193,81 192,81 193,80
197,81 196,82 195,83 194,83
198,82 197,82 196,83 197,83 198,83 199,82 199,83
185,78 184,79 183,79 182,79 181,79 180,79 179,79 178,79
177,76 176,77 175,77 174,77 173,77 172,77 171,77 170,77 169,77 168,77 167,77 166,77 165,77 164,77 163,77 162,77 161,77 160,77 159,77 159,78 159,79 158,80 157,81 158,81 159,80 159,81 160,80 160,79 160,78 161,78 161,79 161,80 160,81 161,81 162,80 162,79 162,78 163,78 163,79 163,80 162,81 163,81 164,80 164,79 164,78 165,78 165,79 165,80 164,81 165,81 166,80 166,81 167,80 167,81 168,80 168,81 169,80 169,81 170,80 170,81 171,80 171,81
155,83 154,83 153,83 152,83 151,83 150,83 149,83 148,83 147,83 146,83 145,83 144,83 143,83
137,89 136,89 135,89
133,91 132,91 131,90 130,89 130,90 130,91 129,92 128,92 128,93 128,94 128,95 129,94 129,93 130,92 130,93 131,92 131,91
131,88 131,87 131,86 132,85 132,84 131,83 130,82 130,83 129,84 128,85 127,85
133,85 133,84 132,83 131,82 132,82 133,82 133,83
125,87 124,87 123,87
121,89 120,89 119,89 118,89 117,89
115,91 114,91 113,91
111,93 110,93 109,93
107,95 106,95 105,95
94,97 94,96 94,95 94,94 94,93 94,92 95,92 95,93 95,94 95,95 95,96 95,97
96,91 96,90 96,89 96,88 95,87 94,86 93,86 92,86 91,86 90,86 89,86 88,86 87,86 86,86 85,86 84,86 83,85 82,84 81,84 80,84 80,85 79,86 78,86 77,86 76,86 75,86 74,86 74,87 73,88 72,88 71,88 70,88 70,89 69,90 68,90 67,90 66,90 66,91 67,91 68,91 69,91 70,90 70,91 71,90 71,89 72,89 73,89 74,88 74,89 75,88 75,87 76,87 76,88 75,89 76,89 77,88 77,87 78,87 78,88 77,89 78,89 79,88 79,87 80,88 79,89 80,89 81,88 81,89 82,88 82,89 83,88 83,89
97,91 97,90 97,89 97,88 96,87 95,86 94,87 93,87 92,87 91,87 90,87 89,87 88,87 87,87 86,87 85,87 84,87
97,87 96,86 96,85 96,84 97,84 97,85 97,86 98,85 98,84 99,84 99,85 100,84 100,85 101,84 101,85
93,88 92,88 91,88 90,88 90,89 89,90 88,90 87,90 86,90 86,91 85,92 84,92 83,92 82,92 82,93 81,94 80,94 79,94 78,94 78,95 77,96 76,96 76,97 75,98 74,98 74,99 73,100 72,100 72,101 71,102 70,102 70,103 69,104 68,104 68,105 67,106 66,106 66,107 65,108 64,108 64,109 63,110 62,110 62,111 61,112 60,112 60,113 59,114 58,114 58,115 58,116 58,117 57,118 56,118 56,119 55,120 54,120 54,121 54,122 54,123 53,124 52,124 52,125 52,126 52,127 51,128 50,128 50,129 50,130 50,131 50,132 50,133 50,134 50,135 50,136 50,137 50,138 50,139 50,140 50,141 50,142 50,143 50,144 50,145 50,146 50,147 51,146 51,145 51,144 51,143 51,142 51,141 51,140 51,139 51,138 51,137 51,136 51,135 51,134 51,133 51,132 51,131 51,130 51,129
93,89 92,89 91,89
83,84 82,85 81,85
84,83 84,82 85,82 85,83 86,82 86,83 87,82 87,83
88,81 88,80 89,80 89,81 90,80 90,81 91,80 91,81 92,80 92,81 93,80 93,81
94,79 94,78 95,78 95,79 96,78 96,79 97,78 97,79
98,77 98,76 99,76 99,77 100,76 100,77 101,76 101,77 102,76 102,77 103,76 103,77 104,76 104,77 105,76 105,77 106,76 106,77 107,76 107,77 108,76 108,77 109,76 109,77 110,76 110,77 111,76 111,77 112,76 112,77 113,76 113,77 114,76 114,77 115,76 115,77 116,76 116,77 117,76 117,77 118,76 118,77 119,76 119,77 120,76 120,77 121,76 121,77
122,75 122,74 122,73 122,72 123,72 123,73 123,74 123,75
124,71 124,70 125,70 125,71
126,69 126,68 127,68 127,69 128,70 128,71 129,70 129,71 130,70 130,71 131,70 131,71 132,70 132,71 133,70 133,71
134,69 134,68 135,68 135,69 136,68 136,69 137,68 137,69
138,67 138,66 139,66 139,67 140,66 140,67 141,66 141,67 142,66 142,67 143,66 143,67
144,65 144,64 145,64 145,65 146,64 146,65 147,64 147,65
148,63 148,62 149,62 149,63 150,62 150,63 151,62 151,63 152,62 152,63 153,62 153,63
154,61 154,60 155,60 155,61 156,60 156,61 157,60 157,61
158,59 158,58 159,58 159,59 160,58 160,59 161,58 161,59 162,58 162,59 163,58 163,59 164,58 164,59 165,58 165,59 166,58 166,59 167,58 167,59 168,58 168,59 169,58 169,59 170,58 170,59 171,58 171,59 172,58 172,59 173,58 173,59 174,58 174,59 175,58 175,59 176,58 176,59 177,58 177,59 178,58 178,59 179,58 179,59 180,58 180,59 181,58 181,59 182,58 182,59 183,58 183,59 184,58 184,59 185,58 185,59 186,58 186,59 187,58 187,59 188,58 188,59 189,58 189,59 190,58 190,59 191,58 191,59 192,58 192,59 193,58 193,59 194,58 194,59 195,58 195,59 196,60 196,61 197,60 197,61 198,60 198,61 199,60 199,61 200,60 200,61 201,60 201,61 202,62 202,63 202,64 202,65 203,64 203,63 203,62 204,62 204,63 204,64 203,65 204,65 205,64 205,63 205,62 206,62 206,63 206,64 205,65 206,65 207,64 207,63 207,62
207,65 208,64 208,65 209,64 209,65 210,64 210,65 211,64 211,65
89,91 88,91 87,91
85,93 84,93 83,93
81,95 80,95 79,95
59,115 59,116 59,117
55,121 55,122 55,123
53,125 53,126 53,127
51,147 52,148 52,149 53,148 53,149 54,150 54,151 55,150 55,151 56,152 56,153 57,152 57,153 58,154 58,155 58,156 58,157 59,156 59,155 59,154
59,157 60,158 60,159 61,158 61,159 62,160 62,161 63,160 63,161 64,162 64,163 65,162 65,163 66,164 66,165 67,164 67,165 68,166 68,167 69,166 69,167 70,168 70,169 71,168 71,169 72,168 72,169 73,168 73,169 74,170 74,171 75,170 75,171 76,172 76,173 77,172 77,173 78,174 78,175 79,174 79,175 80,174 80,175 81,174 81,175 82,176 82,177 83,176 83,177 84,176 84,177 85,176 85,177 86,178 86,179 87,178 87,179 88,178 88,179 89,178 89,179 90,178 90,179 91,178 91,179 92,180 92,181 93,180 93,181 94,180 94,181 95,180 95,181 96,182 96,183 97,182 97,183 98,182 98,183 99,182 99,183 100,182 100,183 101,182 101,183 102,184 102,185 103,184 103,185 104,184 104,185 105,184 105,185 106,184 106,185 107,184 107,185 108,184 108,185 108,186 108,187 107,188 106,188 105,188 104,188 104,189 103,190 102,190 101,190 100,190 100,191 99,192 98,192 97,192 96,192 96,193 95,194 94,194 93,194 92,194 91,194 90,194 89,194 88,194 87,194 86,194 85,194 84,194 83,194 82,194 81,194 80,194 79,194 78,194 78,195 79,195 80,195 80,196 80,197 81,196 81,195 82,195 82,196 81,197 82,197 83,196 83,195 84,195 85,195 86,195 87,195 88,195 89,195 90,195 91,195 92,195 93,195 94,195 95,195
109,187 109,186 109,185 109,184
110,187 110,186 111,186 111,187 112,186 112,185 112,184 113,184 113,185 113,186 112,187 113,187
114,185 114,184 115,184 115,185
116,183 116,182 117,182 117,183
118,181 118,180 119,180 119,181
120,179 120,178 121,178 121,179
122,177 122,176 123,176 123,177 124,176 124,177 125,176 125,177 126,176 126,177 127,176 127,177 128,176 128,177 129,176 129,177
130,175 130,174 131,174 131,175 132,174 132,175 133,174 133,175 134,174 134,175 135,174 135,175 136,174 136,175 137,174 137,175 138,174 138,175 139,174 139,175 140,174 140,175 141,174 141,175 142,176 142,177 143,176 143,177 144,176 144,177 145,176 145,177 146,178 146,179 146,180 146,181 146,182 146,183 146,184 146,185 146,186 146,187 146,188 146,189 145,190 144,190 144,191 144,192 144,193 144,194 144,195 144,196 144,197 144,198 144,199 144,200 144,201 143,202 142,202 142,203 141,204 140,204 140,205 139,206 138,206 138,207 138,208 138,209 138,210 138,211 138,212 138,213 138,214 138,215 137,216 136,216 135,216 134,216 133,215 132,214 131,213 130,212 129,211 128,210 127,210 126,210 125,209 124,208 123,207 122,206 121,205 120,204 119,204 118,204 117,203 116,202 115,201 114,200 113,200 112,200 112,201 111,202 110,202 109,202 108,202 107,202 106,202 106,203 105,204 104,204 103,204 102,204 101,204 100,204 100,205 99,206 98,206 97,206 96,206 95,205 94,204 93,204 92,204 91,203 90,202 89,201 88,200 87,200 86,200 85,199 84,198 83,197
147,179 147,178 148,178 148,179 147,180 147,181 147,182 147,183 147,184 147,185 147,186 147,187 147,188 147,189 146,190 145,191 145,192 145,193 145,194 145,195 145,196 145,197 145,198 145,199 145,200 145,201
150,180 150,181 151,180 151,181 152,180 152,181 153,180 153,181 154,180 154,181 155,180 155,181
156,179 156,178 157,178 157,179 158,178 158,179 158,180 158,181 158,182 158,183 159,182 159,181 159,180 159,179 159,178 160,178 160,179 161,178 161,179 162,178 162,179 163,178 163,179
160,182 159,183 160,183 161,182 161,183 162,184 162,185 163,184 163,185 164,184 164,185 165,184 165,185 166,186 166,187 167,186 167,187 168,186 168,187 169,186 169,187 170,186 170,187 171,186 171,187 172,186 172,187 173,186 173,187 174,188 174,189 173,190 172,190 171,190 170,190 169,190 168,190 167,190 166,190 166,191 165,192 164,192 163,192 162,192 162,193 161,194 160,194 160,195 159,196 158,196 158,197 158,198 158,199 157,200 156,200 155,200 154,200 153,199 152,198 152,197 152,196 151,195 150,194 149,193 148,192 147,191 146,191 147,190
175,189 174,190 173,191 172,191 171,191 170,191 169,191 168,191 167,191
176,189 175,188 176,188 177,188 177,189 178,188 178,189 179,188 179,189 180,190 180,191 180,192 180,193 181,192 181,191 181,190
181,193 182,194 182,195 183,194 183,195 184,196 184,197 185,196 185,197 186,198 186,199 186,200 186,201 185,202 184,202 183,201 182,200 181,200 180,200 180,201 181,201 182,201 183,200
187,200 187,201 186,202 185,203 184,203
188,202 187,202 186,203 187,203 188,203 189,202 189,203 190,204 190,205 191,204 191,205 192,204 192,205 193,204 193,205 194,206 194,207 194,208 194,209 195,208 195,207 195,206
195,209 196,210 196,211 196,212 196,213 196,214 196,215 196,216 196,217 196,218 196,219 196,220 196,221 196,222 196,223 195,224 194,224 194,225 194,226 194,227 193,228 192,228 191,228 190,228 189,228 188,228 188,229 187,230 186,230 185,230 184,230 183,230 182,230 181,230 180,230 179,230 178,230 177,230 176,230 176,231 175,232 174,232 173,232 172,232 171,232 170,232 169,232 168,232 167,231 166,230 166,231 166,232 166,233 165,234 164,234 164,235 163,236 162,236 161,236 160,236 160,237 159,238 158,238 157,238 156,238 155,238 154,238 153,238 152,238 151,238 150,238 149,238 148,238 148,239 147,240 146,240 145,240 144,240 143,240 142,240 141,240 140,240 139,239 138,238 137,237 136,236 136,235 136,234 135,233 134,232 134,231 134,230 133,229 132,228 132,229 133,228
197,212 197,213 197,214 197,215 197,216 197,217 197,218 197,219 197,220 197,221 197,222 197,223
195,225 195,226 195,227
193,229 192,229 191,229 190,229 189,229
193,230 192,230 192,231 191,232 190,232 190,233 190,234 190,235 189,236 188,236 188,237 188,238 188,239 187,240 186,240 186,241 186,242 186,243 187,242 187,241
187,231 186,231 185,231 184,231 183,231 182,231 181,231 180,231 179,231 178,231 177,231
175,233 174,233 173,233 172,233 171,233 170,233 169,233 168,233 167,232 167,233
175,234 174,234 174,235 173,236 172,236 172,237 171,238 170,238 169,238 168,238 168,239 167,240 166,240 166,241 165,242 164,242 164,243 163,244 162,244 162,245 161,246 160,246 159,246 158,246 158,247 157,248 156,248 156,249 155,250 154,250 153,250 152,250 151,250 150,250 149,250 148,250 147,249 146,248 145,248 144,248 143,248 142,248 141,247 140,246 139,246 138,246 137,246 136,246 135,246 134,246 133,245 132,244 131,244 130,244 129,244 128,244 127,243 126,242 125,242 124,242 123,241 122,240 122,239 122,238 121,237 120,236 120,235 120,234 120,233 120,232 119,231 118,230 117,229 116,228 116,227 116,226 117,226 117,227 117,228 116,229 116,230 116,231 116,232 116,233 116,234 116,235 115,236 114,236 114,237 113,238 112,238 111,238 110,238 110,239 109,240 108,240 107,240 106,240 105,240 104,240 103,240 102,240 102,241 101,242 100,242 99,242 98,242 97,242 96,242 95,242 94,242 94,243 93,244 92,244 91,244 90,244 90,245 90,246 90,247 89,248 88,248 88,249 88,250 88,251 88,252 88,253 87,254 86,254 86,255 86,256 86,257 86,258 86,259 85,260 84,260 83,260 82,260 82,261 81,262 80,262 80,263 79,264 78,264 77,264 76,264 76,265 75,266 74,266 73,265 72,264 71,263 70,262 69,262 68,262 67,262 66,262 65,262 64,262 63,261 62,260 61,260 60,260 59,260 58,260 57,259 56,258 55,257 54,256 53,255 52,254 51,253 50,252 50,253 51,252 52,252 52,253 53,252 53,253 53,254 52,255
167,230 168,229 168,228 168,227 168,226 168,225 168,224 168,223 168,222 168,221 168,220 168,219 168,218 168,217 168,216 167,215 166,214 165,213 164,212 164,213 165,212
169,229 169,228 169,227 169,226 169,225 169,224 169,223 169,222 169,221 169,220 169,219 169,218 169,217 169,216 168,215 167,214 166,215
169,215 168,214 169,214
163,237 162,237 161,237
159,239 158,239 157,239 156,239 155,239 154,239 153,239 152,239 151,239 150,239 149,239
147,241 146,241 145,241 144,241 143,241 142,241 141,241 140,241 139,240 138,239 138,240 138,241 139,241
171,239 170,239 169,239 170,240 170,241 171,240 171,241 172,242 172,243 172,244 172,245 173,244 173,243 173,242
173,245 174,246 174,247 175,246 175,247 176,248 176,249 176,250 176,251 177,250 177,249 177,248
177,251 178,252 178,253 178,254 178,255 179,254 179,253 179,252
179,255 180,256 180,257 181,256 181,257 182,258 182,259 183,258 183,259 184,258 184,259 185,258 185,259 186,260 186,261 187,260 187,261 188,260 188,261 189,260 189,261 190,262 190,263 191,262 191,263 192,262 192,263 193,262 193,263 194,262 194,263 195,262 195,263 196,262 196,263 197,262 197,263 198,262 198,263 199,262 199,263 200,262 200,263 201,262 201,263 202,262 202,263 203,262 203,263 204,262 204,263 205,262 205,263 206,262 206,263 207,262 207,263 208,262 208,263 209,262 209,263 210,262 210,263 211,262 211,263 212,262 212,263 213,262 213,263 214,262 214,263 215,262 215,263 216,262 216,263 217,262 217,263
218,261 218,260 219,260 219,261 220,260 220,261 221,260 221,261 222,260 222,261 223,260 223,261 224,260 224,261 225,260 225,261 226,260 226,261 227,260 227,261 228,260 228,259 228,258 228,257 228,256 229,256 229,257 229,258 229,259 229,260 228,261 229,261 230,262 230,263 231,262 231,263 232,262 232,263 233,262 233,263 234,262 234,263 235,262 235,263 236,262 236,263 237,262 237,263 238,264 238,265 239,264 239,265 240,264 240,265 241,264 241,265 242,264 242,265 243,264 243,265 244,266 244,267 243,268 242,268 241,268 240,268 239,268 238,268 237,268 236,268 235,267 234,266 233,266 232,266 231,266 230,266 229,266 228,266 227,266 226,266 225,266 224,266 223,266 222,266 222,267 223,267 224,267 224,268 224,269 224,270 224,271 223,272 222,272 222,273 222,274 222,275 221,276 220,276 219,275 218,274 218,273 218,272 217,271 216,270 215,270 214,270 213,270 212,270 211,270 210,270 210,271 210,272 210,273 210,274 210,275 210,276 210,277 210,278 210,279 210,280 210,281 210,282 210,283 209,284 208,284 207,284 206,284 205,283 204,282 203,282 202,282 201,282 200,282 199,282 198,282 197,281 196,280 195,280 194,280 193,279 192,278 192,277 192,276 192,275 192,274 192,273 192,272 192,271 192,270 191,269 190,268 189,268 188,268 187,268 186,268 185,268 184,268 183,267 182,266 181,266 180,266 179,266 178,266 177,266 176,266 176,267 175,268 174,268 174,269 173,270 172,270 172,271 171,272 170,272 170,273 169,274 168,274 167,274 166,274 165,273 164,272 163,272 162,272 161,272 160,272 159,271 158,270 157,270 156,270 155,269 154,268 153,268 152,268 152,269 153,269 154,269 155,268 154,267 154,266 155,266 155,267
245,267 245,266 246,266 246,267 247,266 247,267 248,266 248,267 249,266 249,267 250,266 250,267 251,266 251,267 252,266 252,265 252,264 252,263 252,262 251,261 250,260 249,259 248,258 247,258 246,258 245,257 244,256 244,255 244,254 243,253 242,252 241,251 240,250 240,249 240,248 240,247 240,246 240,245 240,244 239,243 238,242 238,243 237,244 236,244 236,245 235,246 234,246 234,247 233,248 232,248 232,249 232,250 232,251 231,252 230,252 230,253 230,254 230,255 231,254 231,253
252,267 253,266 253,265 253,264 253,263 253,262 252,261 251,260 250,261
254,261 253,260 252,260 253,261 254,260 254,259 254,258 254,257 254,256 254,255 254,254 255,254 255,255 255,256 255,257 255,258 255,259 255,260 255,261
256,253 256,252 255,251 254,250 253,250 252,250 251,249 250,248 249,248 248,248 247,247 246,246 246,245 246,244 246,243 246,242 246,241 246,240 247,240 247,241 247,242 247,243 247,244 247,245 247,246 246,247
257,253 257,252 256,251 255,250 254,251 253,251 252,251
257,251 256,250 256,249 256,248 256,247 256,246 257,246 257,247 257,248 257,249 257,250
258,245 258,244 258,243 258,242 258,241 258,240 258,239 258,238 259,238 259,239 259,240 259,241 259,242 259,243 259,244 259,245
260,237 260,236 259,235 258,234 257,234 256,234 255,234 254,234 253,234 252,234 252,235 251,236 250,236 250,237 249,238 248,238 248,239 249,239
261,237 261,236 260,235 259,234 258,235 257,235 256,235 255,235 254,235 253,235
261,235 260,234 260,233 260,232 261,232 261,233 261,234 262,233 262,232 263,232 263,233 264,232 264,233 265,232 265,233 266,232 266,233 267,232 267,233
268,231 268,230 269,230 269,231 270,230 270,231 271,230 271,231 272,230 272,231 273,230 273,231 274,230 274,231 275,230 275,231 276,230 276,231 277,230 277,231 278,232 278,233 279,232 279,233 280,232 280,233 281,232 281,233 282,234 282,235 283,234 283,235 284,234 284,235 284,236 284,237 283,238 282,238 282,239 282,240 282,241 282,242 282,243 281,244 280,244 280,245 280,246 280,247 279,248 278,248 278,249 278,250 278,251 278,252 278,253 277,254 276,254 276,255 276,256 276,257 277,256 277,255 278,256 277,257 278,257 278,258 278,259 279,258 279,257 279,256 280,256 280,257 281,256 281,257 282,258 282,259 281,260 280,260 279,259
285,237 285,236 285,235 285,234
286,237 286,236 287,236 287,237 288,238 288,239 289,238 289,239 290,238 290,239 291,238 291,239 292,240 292,241 293,240 293,241 294,240 294,241 295,240 295,241 296,242 296,243 297,242 297,243 298,244 298,245 297,246 296,246 296,247 295,248 294,248 293,248 292,248 292,249 291,250 290,250 289,250 288,250 287,250 286,250 285,250 284,250 284,251 283,252 282,252 281,252 280,252 279,251 279,250 279,249
295,249 294,249 293,249
291,251 290,251 289,251 288,251 287,251 286,251 285,251
283,253 282,253 281,253 280,253 279,252 279,253
281,247 281,246 281,245
283,243 283,242 283,241 283,240 283,239
283,259 283,258 284,258 284,259 285,258 285,259 286,258 286,259 287,258 287,259 288,258 288,259 289,258 289,259 290,258 290,259 291,258 291,259 292,258 292,259 293,258 293,259
294,257 294,256 295,256 295,257 296,256 296,257 297,256 297,257 298,256 298,257 299,256 299,257 300,256 300,257 301,256 301,257
302,255 302,254 303,254 303,255 304,254 304,255 305,254 305,255 306,254 306,253 306,252 306,251 306,250 306,249 306,248 305,247 304,246 304,245 304,244 304,243 304,242 304,241 304,240 304,239 304,238 304,237 304,236 304,235 304,234 303,233 302,232 302,231 302,230 302,229 302,228 302,227 302,226 301,225 300,224 299,223 298,222 298,221 298,220 297,219 296,218 295,217 294,216 293,215 292,214 292,213 292,212 292,211 292,210 292,209 292,208 292,207 292,206 292,205 292,204 292,203 292,202 292,201 292,200 292,199 292,198 292,197 292,196 292,195 292,194 292,193 292,192 292,191 292,190 292,189 292,188 292,187 292,186 292,185 292,184 293,184 293,185 293,186 293,187 293,188 293,189 293,190 293,191 293,192 293,193 293,194 293,195 293,196 293,197 293,198 293,199 293,200 293,201 293,202 293,203 293,204 293,205 293,206 293,207 293,208 293,209 293,210 293,211 293,212 293,213 293,214 292,215
306,255 307,254 307,253 307,252 307,251 307,250 307,249 307,248
305,245 305,244 305,243 305,242 305,241 305,240 305,239 305,238 305,237 305,236 305,235 305,234
303,231 303,230 303,229 303,228 303,227 303,226
294,183 294,182 294,181 294,180 294,179 294,178 294,177 294,176 294,175 294,174 294,173 294,172 294,171 294,170 294,169 294,168 294,167 294,166 294,165 294,164 294,163 294,162 294,161 294,160 294,159 294,158 294,157 294,156 294,155 294,154 294,153 294,152 293,151 292,150 292,149 292,148 291,147 290,146 289,145 288,144 287,144 286,144 285,143 284,142 283,142 282,142 281,142 280,142 280,143 279,144 278,144 277,144 276,144 276,145 275,146 274,146 273,145 272,144 272,143 272,142 272,141 272,140 272,139 272,138 273,138 273,139 273,140 273,141 273,142 273,143 273,144 272,145 272,146 272,147 271,148 270,148 270,149 270,150 270,151 270,152 270,153 269,154 268,154 268,155 267,156 266,156 266,157 265,158 264,158 264,159 263,160 262,160 262,161 261,162 260,162 260,163 259,164 258,164 258,165 258,166 258,167 257,168 256,168 255,168 254,168 254,169 253,170 252,170 252,171 251,172 250,172 250,173 249,174 248,174 248,175 247,176 246,176 246,177 245,178 244,178 244,179 244,180 244,181 243,182 242,182 242,183 241,184 240,184 240,185 239,186 238,186 238,187 237,188 236,188 236,189 235,190 234,190 234,191 233,192 232,192 232,193 231,194 230,194 230,195 229,196 228,196 228,197 227,198 226,198 226,199 226,200 226,201 225,202 224,202 224,203 223,204 222,204 222,205 221,206 220,206 220,207 219,208 218,208 218,209 217,210 216,210 216,211 215,212 214,212 214,213 213,214 212,214 212,215 211,216 210,216 210,217 209,218 208,218 208,219 208,220 208,221 207,222 206,222 206,223 205,224 204,224 204,225 203,226 202,226 201,225 200,224 200,223 200,222 200,221 200,220 201,220 201,221 201,222 201,223 201,224 200,225 200,226 200,227 199,228 198,228 198,229 198,230 198,231 199,230 199,229 200,228 200,229 201,228 201,227 201,226 202,227 203,227
295,183 295,182 295,181 295,180 295,179 295,178 295,177 295,176 295,175 295,174 295,173 295,172 295,171 295,170 295,169 295,168 295,167 295,166 295,165 295,164 295,163 295,162 295,161 295,160 295,159 295,158 295,157 295,156 295,155 295,154 295,153 295,152
293,149 293,148 292,147 291,146 290,147
293,147 292,146 293,146 294,145 294,144 295,144 295,145 296,144 296,145 297,144 297,145
298,143 298,142 299,142 299,143 300,142 300,143 301,142 301,143
302,141 302,140 303,140 303,141 304,140 304,141 305,140 305,141
306,139 306,138 307,138 307,139 308,138 308,139 309,138 309,139
310,137 310,136 311,136 311,137 312,136 312,137 313,136 313,137
314,135 314,134 315,134 315,135 316,134 316,135 317,134 317,135
318,133 318,132 319,132 319,133 320,132 320,133 321,132 321,133
322,131 322,130 323,130 323,131 324,130 324,131 325,130 325,131
326,129 326,128 327,128 327,129 328,128 328,129 329,128 329,129
330,127 330,126 331,126 331,127 332,126 332,127 333,126 333,127
334,125 334,124 335,124 335,125 336,124 336,125 337,124 337,125
338,123 338,122 339,122 339,123 340,122 340,123 341,122 341,123
342,121 342,120 343,120 343,121 344,120 344,121 345,120 345,121
346,119 346,118 347,118 347,119 348,118 348,119 349,118 349,119
350,117 350,116 351,116 351,117 352,116 352,117 353,116 353,117
354,115 354,114 355,114 355,115 356,114 356,115 357,114 357,115
358,113 358,112 359,112 359,113 360,112 360,113 361,112 361,113
362,111 362,110 363,110 363,111 364,110 364,111 365,110 365,111
366,109 366,108 367,108 367,109 368,108 368,109 369,108 369,109
370,107 370,106 371,106 371,107 372,106 372,107 373,106 373,107
374,105 374,104 375,104 375,105 376,104 376,105 377,104 377,105
378,103 378,102 379,102 379,103 380,102 380,103 381,102 381,103
382,101 382,100 383,100 383,101 384,100 384,101 385,100 385,101 386,100 386,101 387,100 387,101
388,99 388,98 389,98 389,99 390,98 390,99 391,98 391,99
392,97 392,96 393,96 393,97 394,96 394,97 395,96 395,97
396,95 396,94 397,94 397,95 398,94 398,95 399,94 399,95
400,93 400,92 401,92 401,93 402,92 402,93 403,92 403,93
404,91 404,90 405,90 405,91 406,90 406,91 407,90 407,91
408,89 408,88 409,88 409,89 410,88 410,89 411,88 411,89
412,87 412,86 413,86 413,87 414,86 414,87 415,86 415,87
416,85 416,84 417,84 417,85 418,84 418,85 419,84 419,85
420,83 420,82 421,82 421,83 422,82 422,83 423,82 423,83
424,81 424,80 425,80 425,81 426,80 426,81 427,80 427,81
428,79 428,78 429,78 429,79 430,78 430,79 431,78 431,79
432,77 432,76 433,76 433,77 434,76 434,77 435,76 435,77
436,75 436,74 437,74 437,75 438,74 438,75 439,74 439,75
440,73 440,72 441,72 441,73 442,72 442,73 443,72 443,73
444,71 444,70 445,70 445,71 446,70 446,71 447,70 447,71
448,69 448,68 449,68 449,69 450,68 450,69 451,68 451,69
452,67 452,66 453,66 453,67 454,66 454,67 455,66 455,67
456,65 456,64 457,64 457,65 458,64 458,65 459,64 459,65
460,63 460,62 461,62 461,63 462,62 462,63 463,62 463,63
464,61 464,60 465,60 465,61 466,60 466,61 467,60 467,61
468,59 468,58 469,58 469,59 470,58 470,59 471,58 471,59
472,57 472,56 473,56 473,57 474,56 474,57 475,56 475,57
476,55 476,54 477,54 477,55 478,54 478,55 479,54 479,55
289,144 288,145 287,145 286,145
285,142 284,143 283,143 282,143 281,143
279,145 278,145 277,145
275,147 274,147 273,146 273,147
274,137 274,136 274,135 274,134 274,133 274,132 274,131 274,130 275,130 275,131 275,132 275,133 275,134 275,135 275,136 275,137
276,129 276,128 276,127 276,126 276,125 276,124 276,123 276,122 276,121 276,120 277,120 277,121 277,122 277,123 277,124 277,125 277,126 277,127 277,128 277,129
278,119 278,118 278,117 278,116 278,115 278,114 278,113 278,112 278,111 278,110 279,110 279,111 279,112 279,113 279,114 279,115 279,116 279,117 279,118 279,119
280,109 280,108 280,107 280,106 280,105 280,104 280,103 280,102 280,101 280,100 280,99 280,98 281,98 281,99 281,100 281,101 281,102 281,103 281,104 281,105 281,106 281,107 281,108 281,109
282,97 282,96 282,95 282,94 282,93 282,92 282,91 282,90 282,89 282,88 283,88 283,89 283,90 283,91 283,92 283,93 283,94 283,95 283,96 283,97
284,87 284,86 284,85 284,84 284,83 284,82 284,81 284,80 284,79 284,78 285,78 285,79 285,80 285,81 285,82 285,83 285,84 285,85 285,86 285,87
286,77 286,76 286,75 286,74 286,73 286,72 286,71 286,70 287,70 287,71 287,72 287,73 287,74 287,75 287,76 287,77
288,69 288,68 288,67 288,66 288,65 288,64 288,63 288,62 288,61 288,60 289,60 289,61 289,62 289,63 289,64 289,65 289,66 289,67 289,68 289,69
290,59 290,58 290,57 290,56 290,55 290,54 290,53 290,52 291,52 291,53 291,54 291,55 291,56 291,57 291,58 291,59
292,51 292,50 292,49 292,48 292,47 292,46 292,45 292,44 293,44 293,45 293,46 293,47 293,48 293,49 293,50 293,51
294,43 294,42 294,41 294,40 294,39 294,38 294,37 294,36 294,35 294,34 294,33 294,32 293,31 292,30 292,29 292,28 292,27 292,26 292,25 292,24 291,23 290,22 289,21 288,20 287,19 287,20 287,21 288,21 289,20
295,43 295,42 295,41 295,40 295,39 295,38 295,37 295,36 295,35 295,34 295,33 295,32
293,30 292,31 291,32 290,32 289,31 288,30 288,31 289,30
293,29 293,28 293,27 293,26 293,25 293,24
271,149 271,150 271,151 271,152 271,153
259,165 259,166 259,167
257,169 256,169 255,169 256,170 256,171 256,172 256,173 256,174 256,175 255,176 254,176 254,177 254,178 254,179 253,180 252,180 252,181 251,182 250,182 250,183 249,184 248,184 248,185 247,186 246,186 246,187 245,188 244,188 244,189 244,190 244,191 243,192 242,192 242,193 241,194 240,194 240,195 239,196 238,196 238,197 237,198 236,198 236,199 235,200 234,200 234,201 233,202 232,202 232,203 231,204 230,204 230,205 230,206 230,207 229,208 228,208 228,209 227,210 226,210 226,211 225,212 224,212 224,213 223,214 222,214 222,215 221,216 220,216 220,217 219,218 218,218 218,219 217,220 216,220 216,221 216,222 216,223 215,224 214,224 214,225 213,226 212,226 212,227 211,228 210,228 210,229 209,230 208,230 208,231 207,232 206,232 206,233 205,234 204,234 204,235 203,236 202,236 202,237 202,238 202,239 201,240 200,240 200,241 199,242 198,242 198,243 197,244 196,244 196,245 195,246 194,246 193,246 192,246 191,245 190,244 189,244 188,244 187,243
257,170 257,171 257,172 257,173 257,174 257,175
245,179 245,180 245,181
227,199 227,200 227,201
209,219 209,220 209,221
202,219 202,218 202,217 202,216 202,215 202,214 202,213 202,212 203,212 203,213 203,214 203,215 203,216 203,217 203,218 203,219
204,211 204,210 204,209 204,208 204,207 204,206 204,205 204,204 205,204 205,205 205,206 205,207 205,208 205,209 205,210 205,211
206,203 206,202 206,201 206,200 206,199 206,198 205,197 204,196 203,195 202,194 202,193 202,192 201,191 200,190 199,189 198,188 197,187 196,186 196,185 196,184 195,183 194,182 193,181 192,180 192,179 192,178 191,177 190,176 189,176 188,176 188,177 187,178 186,178 186,179 186,180 186,181 187,180 187,179
207,203 207,202 207,201 207,200 207,199 207,198
208,203 208,202 208,201 208,200 209,200 209,201 209,202 209,203 210,204 210,205 211,204 211,205 212,206 212,207 213,206 213,207
201,190 200,191 199,192 198,192 198,193 198,194 198,195 197,196 196,196 196,197 196,198 196,199 195,200 194,200 193,199 192,198 192,197 192,196 192,195 192,194 191,193 190,192 190,191 190,190 190,189 190,188 190,187 190,186 189,185 188,184 188,183 188,182 187,181
193,179 193,178 192,177 191,176 190,177 189,177
193,177 192,176 192,175 192,174 192,173 192,172 192,171 192,170 191,169 190,168 190,169 189,170 188,170 187,170 186,170 185,170 184,170 184,171 183,172 182,172 181,172 180,172 180,173 179,174 178,174 177,174 176,174 175,174 174,174 173,174 172,174 172,175 171,176 170,176 169,176 168,176 167,176 166,176 165,176 164,176 164,177 165,177 166,177 167,177 168,177 169,177 170,177 171,177 172,176 172,177 172,178 172,179 171,180 170,180 170,181 170,182 170,183 171,182 171,181
193,176 193,175 193,174 193,173 193,172 193,171 193,170 192,169 191,168 192,167 192,166 192,165 192,164 193,164 193,165 193,166 193,167 192,168 193,168 193,169
194,163 194,162 193,161 192,160 191,160 190,160 190,161 189,162 188,162 187,162 186,162 186,163 185,164 184,164 183,164 182,164 182,165 181,166 180,166 179,166 178,166 177,165 176,164 175,164 174,164 173,164 172,164 171,164 170,164 169,163 168,162 167,162 166,162 165,162 164,162 163,161 162,160 161,160 160,160 160,161 161,161 162,161 163,160 162,159 162,158 163,158 163,159 164,158 164,159 165,158 165,159
195,163 195,162 194,161 193,160 192,161 191,161
195,161 194,160 194,159 194,158 194,157 194,156 193,155 192,154 191,153 190,152 189,152 188,152 187,152 186,152 185,151 184,150 183,150 182,150 182,151 181,152 180,152 179,152 178,152 177,152 176,152 175,152 174,152 173,152 172,152 172,153 171,154 170,154 169,154 168,154 168,155 167,156 166,156 166,157 167,157
195,160 195,159 195,158 195,157 195,156 194,155 193,154 192,153 191,152 190,153 189,153 188,153 187,153 186,153 185,154 184,154 183,154 182,154 181,153 180,153 179,153 178,153 177,153 176,153 175,153 174,153 173,153
195,155 194,154 193,153 192,152 193,152 194,151 194,150 193,149 192,148 191,148 190,148 189,148 188,148 187,148 186,148 186,149 185,150 184,151 183,151
195,154 194,153 194,152 195,151 195,150 194,149 193,148 192,149 191,149 190,149 189,149 188,149 187,149
196,149 195,148 194,148 195,149 196,148 196,147 196,146 196,145 196,144 197,144 197,145 197,146 197,147 197,148 197,149
198,143 198,142 199,142 199,143
200,141 200,140 200,139 200,138 201,138 201,139 201,140 201,141
202,137 202,136 203,136 203,137
204,135 204,134 204,133 204,132 205,132 205,133 205,134 205,135
206,131 206,130 207,130 207,131
208,129 208,128 208,127 208,126 209,126 209,127 209,128 209,129
210,125 210,124 210,123 210,122 211,122 211,123 211,124 211,125
212,121 212,120 213,120 213,121
214,119 214,118 214,117 214,116 215,116 215,117 215,118 215,119
219,113 219,112 219,111
223,107 223,106 223,105
227,101 227,100 227,99
229,97 229,96 229,95
215,112 214,113 213,113
211,115 210,115 209,115 208,115 207,115 206,115 205,114 204,113 203,113 202,113 201,113 200,113 199,113 198,113 197,113 196,113 195,113
207,116 206,116 205,115 204,114 204,115
207,117 206,117 206,118 206,119 205,120 204,120 204,121 204,122 204,123 204,124 204,125 203,126 202,126 201,126 200,126 200,127 199,128 198,128 198,129 197,130 196,130 195,129 194,128 193,127 192,126 192,125 192,124 191,123
205,112 206,111 206,110 207,110 207,111
208,109 208,108 208,107 208,106 208,105 208,104 209,104 209,105 209,106 209,107 209,108 209,109
210,103 210,102 210,101 210,100 210,99 210,98 211,98 211,99 211,100 211,101 211,102 211,103
193,115 193,116 193,117
193,126 192,127 192,128 192,129 193,128 193,129 194,129 195,128
198,131 198,130 199,129 199,130 199,131
201,127 202,127 203,127
205,125 205,124 205,123 205,122 205,121
189,163 188,163 187,163
185,165 184,165 183,165
181,167 180,167 179,167 178,167
177,164 176,165 175,165 174,165 173,165 172,165 171,165 170,165
169,162 168,163 167,163 166,163 165,163 164,163
169,155 170,155 171,155
180,154 180,155 179,156 178,156 177,156 176,156 176,157 175,158 174,158 173,158 172,158 172,159 173,159 174,159 175,159 176,158 176,159 177,158 177,157 178,157 178,158 177,159 178,159 179,158 179,157 180,158 179,159 180,159 181,158 181,159 182,158 182,159 183,158 183,159 184,158 184,159 185,158 185,159
181,155 181,154 182,155 183,155 184,155 185,155 186,156 186,157 187,156 187,157 188,156 188,157 189,156 189,157
190,155 190,154 191,154 191,155 192,155
191,188 191,189 191,190 191,191 191,192 190,193
193,196 193,197 193,198 192,199
195,201 194,201 194,202 194,203 195,202 195,203
197,199 197,198 197,197
199,195 199,194 199,193
189,171 188,171 187,171 186,171 185,171
183,173 182,173 181,173
179,175 178,175 177,175 176,175 175,175 174,175 173,175 173,176 173,177 173,178 173,179
255,177 255,178 255,179 254,180 253,181 254,181 254,182 254,183 253,184 252,184 251,183
256,180 255,180 255,181 255,182 255,183 254,184 253,185 252,185 252,186 252,187 252,188 252,189 251,190 250,190 250,191 249,192 248,192 248,193 248,194 248,195 247,196 246,196 246,197 245,198 244,198 244,199 244,200 244,201 243,202 242,202 242,203 243,203 244,204 244,205 244,206 244,207 245,206 245,205 245,204
257,181 256,181 256,182 256,183 255,184 254,185 253,186 253,187 253,188 253,189
257,180 258,179 258,178 259,178 259,179
249,193 249,194 249,195
245,199 245,200 245,201
245,207 246,208 246,209 246,210 246,211 247,210 247,209 247,208
247,211 248,212 248,213 248,214 248,215 249,214 249,213 249,212
249,215 250,216 250,217 250,218 250,219 250,220 250,221 250,222 250,223 250,224 250,225 250,226 250,227 250,228 250,229 249,230 248,230 248,231 247,232 246,232 245,232 244,232 244,233 243,234 242,234 242,235 241,236 240,236 240,237 240,238 240,239 240,240 240,241 239,242 240,242 240,243 241,242 241,241 241,240 241,239 241,238 241,237
251,218 251,219 251,220 251,221 251,222 251,223 251,224 251,225 251,226 251,227 251,228 251,229
247,233 246,233 245,233
241,243 241,244 241,245 241,246 241,247 241,248 241,249 241,250 240,251
243,269 242,269 241,269 240,269 239,269 238,269 237,269 236,269 235,268 234,267 233,267 232,267 231,267 230,267 229,267 228,267 227,267 226,267 225,267 225,268 225,269 225,270 225,271 224,272 223,273 223,274 223,275
235,269 234,268 233,268 232,268 232,269 231,270 230,270 229,270 228,270 227,270 226,270 226,271 225,272 224,273 225,273
231,271 230,271 229,271 228,271 227,271
221,277 220,277 219,276 218,275 218,276 218,277 219,277 220,278 220,279 220,280 220,281 220,282 220,283 220,284 220,285 220,286 220,287 221,286 221,285 221,284 221,283 221,282 221,281 221,280 221,279 221,278 222,278 222,279 223,278 223,279 224,280 224,281 225,280 225,281 226,280 226,281 227,280 227,281 228,280 228,281 229,280 229,281 230,280 230,281 231,280 231,281 232,282 232,283 231,284 230,284 229,284 228,284 227,284 226,284 226,285 225,286 224,286 223,286 222,286 221,287 222,287 223,287 224,287 225,287
233,283 232,284 231,285 230,285 229,285 228,285 227,285
234,283 233,282 234,282 235,282 235,283 236,282 236,283 236,284 236,285 237,284 237,283 237,282 238,282 238,283 239,282 239,283
237,285 238,286 238,287 239,286 239,287 240,288 240,289 241,288 241,289 242,290 242,291 243,290 243,291 244,292 244,293 244,294 244,295 245,294 245,293 245,292
245,295 246,296 246,297 247,296 247,297 248,298 248,299 249,298 249,299 250,300 250,301 251,300 251,301 252,302 252,303 253,302 253,303
240,281 240,280 241,280 241,281 242,280 242,281 243,280 243,281
244,279 244,278 245,278 245,279 246,278 246,279 247,278 247,279 248,278 248,279 249,278 249,279
250,277 250,276 251,276 251,277 252,276 252,277 253,276 253,277 254,276 254,277 255,276 255,277 256,278 256,279 257,278 257,279 258,278 258,279 259,278 259,279 260,278 260,279 261,278 261,279 262,280 262,281 263,280 263,281 264,280 264,281 265,280 265,281 266,280 266,281 267,280 267,281 268,282 268,283 269,282 269,283 270,282 270,283 271,282 271,283 272,282 272,283 273,282 273,283 274,284 274,285 275,284 275,285 276,284 276,285 277,284 277,285 278,284 278,285 279,284 279,285 280,284 280,285 281,284 281,285 282,284 282,285 283,284 283,285 284,284 284,285 285,284 285,285 286,284 286,285 287,284 287,285 288,286 288,287 289,286 289,287 290,286 290,287 291,286 291,287 292,286 292,287 293,286 293,287 294,286 294,287 295,286 295,287 296,286 296,287 297,286 297,287 298,286 298,287 299,286 299,287 300,286 300,287 301,286 301,287 302,286 302,287 303,286 303,287 304,286 304,287 305,286 305,287 306,286 306,287 307,286 307,287 308,288 308,289 309,288 309,289 310,288 310,289 311,288 311,289 312,288 312,289 313,288 313,289 314,288 314,289 315,288 315,289 316,288 316,289 317,288 317,289 318,288 318,287 318,286 318,285 318,284 317,283 316,282 315,282 314,282 313,281 312,280 311,280 310,280 309,280 308,280 307,280 306,280 305,279 304,278 303,277 302,276 301,275 300,274 299,274 298,274 297,274 296,274 295,273 294,272 293,272 292,272 292,273 293,273 294,273 295,272
318,289 319,288 319,287 319,286 319,285 319,284 318,283 317,282 316,283 315,283 314,283
319,283 318,282 319,282
313,280 312,281 311,281 310,281 309,281 308,281 307,281 306,281 305,280 304,279 303,278 302,277 301,278 300,278 299,278 298,278 297,278 296,278 295,278 294,278 293,277 292,276 291,276 290,276 289,276 288,276 288,277 289,277 290,277 291,277 292,277 293,276
305,281 304,280 303,279 302,278 301,279 300,279 299,279 298,279 297,279 296,279 295,279 294,279
303,276 302,275 301,274 300,275 299,275 298,275 297,275 296,275
304,275 303,274 302,274 303,275 304,274 305,274 305,275 306,274 306,275 307,274 307,275 308,274 308,275 309,274 309,275 310,274 310,275 311,274 311,275 312,274 312,275 313,274 313,275 314,274 314,273 314,272 313,271 312,270 311,270 310,270 309,269 308,268 307,268 306,268 305,268 304,268 303,268 302,268 301,267 300,266 299,266 298,266 297,266 296,266 295,266 294,266 293,266 292,266 291,265 290,264 289,264 288,264 287,264 286,264 285,264 284,264 283,263 282,262 281,261 280,261 280,262 280,263 281,262 281,263 282,263 283,262
314,275 315,274 315,273 315,272
315,275 316,274 316,275 317,274 317,275 318,274 318,275 319,274 319,275
313,270 312,271 311,271 310,271
309,268 308,269 307,269 306,269 305,269 304,269 303,269 302,269
301,266 300,267 299,267 298,267 297,267 296,267 295,267 294,267 293,267 292,267
291,264 290,265 289,265 288,265 287,265 286,265 285,265 284,265
233,284 232,285 233,285
219,274 219,273 219,272 218,271 217,270 216,271 215,271 214,271 213,271 212,271 211,271 211,272 211,273 211,274 211,275 211,276 211,277 211,278 211,279 211,280 211,281 211,282 211,283 210,284 209,285 208,285 207,285 206,285
219,271 218,270 219,270
211,284 210,285 211,285
205,282 204,283 203,283 202,283 201,283 200,283 199,283 198,283
197,280 196,281 195,281 194,281 193,280 192,279 192,280 192,281 193,281
193,278 193,277 193,276 193,275 193,274 193,273 193,272 193,271 193,270 192,269 191,268 190,269 189,269 188,269 187,269 186,269 185,269 184,269
193,269 192,268 193,268
183,266 182,267 181,267 180,267 179,267 178,267 177,267
169,275 168,275 167,275 166,275
165,272 164,273 163,273 162,273 161,273 160,273
159,270 158,271 157,271 156,271
156,265 156,264 156,263 156,262 157,262 157,263 157,264 157,265
158,261 158,260 159,260 159,261
160,259 160,258 161,258 161,259
162,257 162,256 161,255 160,254 160,253 160,252 159,251 158,250 157,249
159,247 160,247 161,247
155,251 154,251 153,251 152,251 151,251 150,251 149,251 148,251 147,252 146,252 145,252 144,252 143,252 142,252 141,252 140,252 139,252 138,252 137,252 136,252 136,253 135,254 134,254 133,254 132,254 131,254 130,254 129,254 128,254 127,253 126,252 125,252 124,252 123,252 122,252 121,251 120,250 119,249 118,248 117,247 116,246 116,245 116,244 115,243 114,242 114,241 114,240 113,239 112,239 111,239
155,252 154,252 154,253 154,254 154,255 154,256 154,257 154,258 154,259 153,260 152,260 152,261 151,262 150,262 150,263 150,264 150,265 149,266 148,266 148,267 147,268 146,268 145,268 144,268 144,269 143,270 142,270 141,270 140,270 140,271 139,272 138,272 137,272 136,272 136,273 135,274 134,274 133,274 132,274 131,274 130,274 130,275 129,276 128,276 127,276 126,276 125,276 124,276 123,276 122,276 121,275 120,274 119,274 118,274 117,274 116,274 115,274 114,274 113,273 112,272 111,272 110,272 110,273 111,273 112,273 113,272
155,253 155,254 155,255 155,256 155,257 155,258 155,259
147,248 146,249 145,249 144,249 143,249 142,249
141,246 140,247 139,247 138,247 137,247 136,247 135,247 134,247
133,244 132,245 131,245 130,245 129,245 128,245
127,242 126,243 125,243 124,243
121,235 121,234 121,233 121,232
119,230 118,229 117,230 117,231 117,232 117,233 117,234 117,235
119,229 118,228 119,228
118,225 118,224 118,223 118,222 118,221 118,220 118,219 118,218 117,217 116,216 115,215 114,214 113,214 112,214 112,215 111,216 110,216 109,216 108,216 108,217 107,218 106,218 105,218 104,218 104,219 103,220 102,220 101,220 100,220 100,221 99,222 98,222 97,222 96,222 96,223 95,224 94,224 93,224 92,224 92,225 91,226 90,226 89,226 88,226 88,227 87,228 86,228 85,228 84,228 84,229 83,230 82,230 81,230 80,230 80,231 79,232 78,232 77,232 76,232 76,233 75,234 74,234 73,234 72,234 72,235 71,236 70,236 69,236 68,236 68,237 67,238 66,238 65,238 64,238 64,239 63,240 62,240 61,240 60,240 60,241 59,242 58,242 57,242 56,242 56,243 55,244 54,244 54,245 54,246 54,247 55,246 55,245
119,225 119,224 119,223 119,222 119,221 119,220 119,219 119,218 118,217 117,216 116,217 115,216 114,215 113,215 114,216 114,217 115,217
119,217 118,216 119,216 120,215 120,214 119,213 118,212 117,212 116,212 116,213 115,214
121,215 121,214 122,214 122,215 123,214 123,215 124,214 124,215 125,214 125,215 126,214 126,215 127,214 127,215
119,212 118,213 117,213
120,211 120,210 121,210 121,211 122,210 122,211 123,210 123,211
136,217 137,217 138,216 138,217 138,218 138,219 139,218 139,217 139,216 139,215 139,214 139,213 139,212 139,211 139,210 139,209 139,208 139,207
156,202 156,201 157,201 157,202 156,203 157,203
159,199 159,198 159,197
163,193 164,193 165,193
174,191 175,190 175,191
121,204 120,205 119,205 118,205
115,200 114,201 113,201
111,203 110,203 109,203 108,203 107,203
105,205 104,205 103,205 102,205 101,205
99,207 98,207 97,207 96,207 95,208 94,208 93,208 92,208 92,209 91,210 90,210 89,210 88,210 88,211 87,212 86,212 85,212 84,212 84,213 83,214 82,214 81,214 80,214 79,214 78,214 78,215 77,216 76,216 75,216 74,216 74,217 73,218 72,218 71,218 70,218 70,219 69,220 68,220 67,220 66,220 66,221 65,222 64,222 63,222 62,222 61,222 60,222 60,223 59,224 58,224 57,224 56,224 56,225 55,226 54,226 53,226 52,226 52,227 51,228 50,228 49,228 48,228 47,228 46,228 45,228 44,228 43,228 42,228 41,228 40,228 39,228 38,228 37,228 36,228 35,228 34,228 33,228 32,228 31,228 30,228 29,228 28,228 27,228 26,228 25,228 24,228 23,228 22,228 22,229 21,230 20,230 19,230 18,230 18,231 18,232 18,233 17,234 16,234 16,235 15,236 14,236 13,236 12,236 11,236 10,236 10,237 10,238 10,239 9,240 8,240 8,241 8,242 8,243 9,242 9,241 10,242 9,243 10,243 11,242 11,243 12,244 12,245 13,244 13,245 14,244 14,245 15,244 15,245 16,244 16,245 17,244 17,245 18,244 18,245 19,244 19,245 20,246 20,247 21,246 21,247 22,246 22,247 23,246 23,247 24,246 24,247 25,246 25,247 26,248 26,249 25,250 24,250 24,251 23,252 22,252 22,253 21,254 20,254 20,255 19,256 18,256 17,256 16,256 15,256 14,256 13,255 12,254 11,254 10,254 10,255 9,256 8,256 7,256 6,256 5,255 4,254 3,254 2,254 1,253 0,252 0,253 1,252
95,204 94,205 93,205 92,205
89,200 88,201 87,201 86,201
97,193 98,193 99,193
101,191 102,191 103,191
105,189 106,189 107,189
95,209 94,209 93,209
91,211 90,211 89,211
87,213 86,213 85,213
83,215 82,215 81,215 80,215 79,215
77,217 76,217 75,217
73,219 72,219 71,219
69,221 68,221 67,221
65,223 64,223 63,223 62,223 61,223
59,225 58,225 57,225
55,227 54,227 53,227
51,229 50,229 49,229 48,229 47,229 46,229 45,229 44,229 43,229 42,229 41,229 40,229 39,229 38,229 37,229 36,229 35,229 34,229 33,229 32,229 31,229 30,229 29,229 28,229 27,229 26,229 25,229 24,229 23,229
21,231 20,231 19,231 19,232 19,233
17,235 16,236 15,237 14,237 13,237 12,237 11,237 11,238 11,239
18,236 17,236 16,237 17,237 18,237 19,236 19,237 20,236 20,237 21,236 21,237 22,236 22,237 23,236 23,237 24,236 24,237 25,236 25,237 26,236 26,237 27,236 27,237 28,236 28,237 29,236 29,237 30,236 30,237 31,236 31,237 32,236 32,237 33,236 33,237 34,236 34,237 35,236 35,237 36,236 36,237 37,236 37,237
27,249 27,248 28,248 28,249 29,248 29,249 30,248 30,249 31,248 31,249 32,248 32,249 33,248 33,249 34,250 34,251 35,250 35,251 36,250 36,251 37,250 37,251 38,252 38,253 39,252 39,253 40,254 40,255 41,254 41,255 42,256 42,257 43,256 43,257 44,258 44,259 45,258 45,259 46,260 46,261 47,260 47,261 48,260 48,261 49,260 49,261 50,262 50,263 51,262 51,263 52,262 52,263 53,262 53,263 54,262 54,263 54,264 54,265 55,264 55,263 55,262 56,261 56,260 56,259 57,258
57,261 57,260 58,261 59,261 60,261 61,261 62,261 63,260
66,263 67,263 68,263 69,263 70,263 71,262
75,267 74,267 73,266 72,265 72,266 72,267 71,268 70,268 70,269 71,269
77,265 78,265 79,265
83,261 84,261 85,261
87,259 87,258 87,257 87,256 87,255
88,259 88,258 89,258 89,259
90,257 90,256 91,256 91,257
89,253 89,252 89,251 89,250 89,249
91,247 91,246 91,245 92,245 93,245
95,243 96,243 97,243 98,243 99,243 100,243 101,243
103,241 104,241 105,241 106,241 107,241 108,241 109,241
115,241 115,240 114,239 114,238 115,237 115,238 115,239
124,253 125,253 126,253 127,252
130,255 131,255 132,255 133,255 134,255 135,255
137,253 138,253 139,253 140,253 141,253 142,253 143,253 144,253 145,253 146,253 147,253
121,250 120,251 119,250 118,249 118,250 118,251 119,251
54,251 54,250 55,250 55,251 56,250 56,249 56,248 55,247
56,251 57,250 57,249 57,248
57,243 58,243 59,243
61,241 62,241 63,241
65,239 66,239 67,239
69,237 70,237 71,237
73,235 74,235 75,235
77,233 78,233 79,233
81,231 82,231 83,231
85,229 86,229 87,229
89,227 90,227 91,227
93,225 94,225 95,225
97,223 98,223 99,223
101,221 102,221 103,221
105,219 106,219 107,219
109,217 110,217 111,217
19,257 18,257 17,257 16,257 15,257 14,257
17,258 16,258 16,259 15,260 14,260 13,260 12,260 11,260 10,260 9,260 8,260 8,261 7,262 6,262 5,262 4,262 4,263 4,264 4,265 4,266 4,267 5,266 5,265 5,264 5,263 6,263 7,263
13,254 12,255 11,255
9,257 8,257 7,257 6,257
5,254 4,255 3,255 2,255
15,261 14,261 13,261 12,261 11,261 10,261 9,261
15,262 14,262 14,263 13,264 12,264 12,265 12,266 12,267 12,268 12,269 11,270 10,270 9,269 8,268 7,268 6,268 5,267
12,272 12,271 12,270 13,269 13,268 13,267 13,266 13,265
13,273 12,273 12,274 12,275 12,276 12,277 12,278 12,279 12,280 12,281 11,282 10,282 9,282 8,282 7,281 6,280 5,280 4,280 3,280 2,280 1,280 0,280 0,281 1,281 2,281 3,281 4,281 5,281 6,281 7,280
13,274 13,275 13,276 13,277 13,278 13,279 13,280 13,281 12,282 11,283 10,283 9,283 8,283
13,282 12,283 13,283 14,284 14,285 15,284 15,285 16,286 16,287 17,286 17,287 18,288 18,289 18,290 18,291 18,292 18,293 18,294 18,295 18,296 18,297 18,298 18,299 17,300 16,300 16,301 16,302 16,303 17,302 17,301
19,290 19,291 19,292 19,293 19,294 19,295 19,296 19,297 19,298 19,299
13,272 13,271 13,270
151,263 151,264 151,265
147,269 146,269 145,269
143,271 142,271 141,271
139,273 138,273 137,273
135,275 134,275 133,275 132,275 131,275
129,277 128,277 127,277 126,277 125,277 124,277 123,277 122,277
127,278 126,278 126,279 125,280 124,280 123,280 122,280 122,281 121,282 120,282 120,283 119,284 118,284 118,285 117,286 116,286 115,286 114,286 114,287 113,288 112,288 112,289 112,290 112,291 112,292 112,293 112,294 112,295 111,296 110,296 110,297 110,298 110,299 110,300 110,301 110,302 110,303 111,302 111,301 111,300 111,299 111,298 111,297
121,274 120,275 119,275 118,275 117,275 116,275 115,275 114,275
125,281 124,281 123,281
119,285 120,286 120,287 121,286 121,287 122,288 122,289 123,288 123,289 124,290 124,291 125,290 125,291 126,292 126,293 127,292 127,293 128,294 128,295 129,294 129,295 130,294 130,295 131,294 131,295 132,296 132,297 133,296 133,297 134,298 134,299 135,298 135,299 136,300 136,301 137,300 137,301 138,302 138,303 139,302 139,303
117,287 116,287 115,287
113,289 113,290 113,291 113,292 113,293 113,294 113,295
233,249 233,250 233,251
245,189 245,190 245,191
231,205 231,206 231,207
217,221 217,222 217,223
203,237 203,238 203,239
195,247 194,247 193,247 192,247
191,244 190,245 189,245 188,245
189,239 189,238 189,237
191,235 191,234 191,233
334,24 334,25 333,26 332,26 331,26 330,26 329,26 328,26 327,26 326,26 326,27 325,28 324,28 323,28 322,28 321,28 320,28 320,29 319,30 318,30 318,31 317,32 316,32 316,33 316,34 316,35 315,36 314,36 314,37 313,38 312,38 312,39 313,39 314,40 314,41 314,42 314,43 314,44 314,45 313,46 312,46 311,46 310,46 310,47 309,48 308,48 307,48 306,48 306,49 306,50 306,51 306,52 306,53 307,52 307,51 307,50 307,49 308,49 309,49
335,25 335,24 336,24 336,25 337,24 337,25 338,24 338,25 339,24 339,25 340,26 340,27 341,26 341,27 342,28 342,29 343,28 343,29 344,28 344,29 345,28 345,29 346,30 346,31 347,30 347,31 348,32 348,33 348,34 348,35 349,34 349,33 349,32
349,35 350,36 350,37 350,38 350,39 350,40 350,41 351,40 351,39 351,38 351,37 351,36
351,41 352,42 352,43 352,44 352,45 351,46 350,46 350,47 350,48 350,49 349,50 348,50 348,51 347,52 346,52 346,53 346,54 346,55 345,56 344,56 344,57 344,58 344,59 343,60 342,60 341,60 340,60 340,61 339,62 338,62 337,62 336,62 335,62 334,62 334,63 333,64 332,64 331,64 330,64 329,63 328,62 327,61 326,60 325,60 324,60 323,59 322,58 321,57 320,56 319,55 318,54 317,54 316,54 315,54 314,54 313,54 312,54 311,53 310,52 309,52 308,52 307,53 308,53 309,53 310,53 311,52
351,47 351,48 351,49
347,53 347,54 347,55
345,57 345,58 345,59
343,61 342,61 341,61
339,63 338,63 337,63 336,63 335,63
333,65 332,65 331,65 330,65
327,60 326,61 325,61 324,61
319,54 318,55 317,55 316,55 315,55 314,55 313,55 312,55
311,47 312,47 313,47
315,45 315,44 315,43 315,42 315,41 315,40
316,45 316,44 317,44 317,45
317,35 317,34 317,33
321,29 322,29 323,29 324,29 325,29
327,27 328,27 329,27 330,27 331,27 332,27 333,27
264,26 264,27 263,28 262,28 262,29 263,29
258,32 258,33 257,34 256,34 256,35 257,35
158,36 158,37 157,38 156,38 156,39 155,40 154,40 153,40 152,40 152,41 151,42 150,42 150,43 149,44 148,44 148,45 147,46 146,46 145,46 144,46 144,47 143,48 142,48 142,49 141,50 140,50 140,51 141,51
155,41 154,41 153,41
147,47 146,47 145,47
258,38 258,39 259,38 259,39 260,38 260,39 261,38 261,39
280,38 280,39 281,38 281,39 282,38 282,39 283,38 283,39
288,38 288,39 288,40 288,41 289,40 289,39 289,38
168,40 168,41 167,42 166,42 166,43 165,44 164,44 164,45 163,46 162,46 162,47 162,48 162,49 161,50 160,50 160,51 159,52 158,52 158,53 159,53
163,47 163,48 163,49
256,54 256,55 255,56 254,56 253,56 252,56 252,57 252,58 252,59 251,60 250,60 250,61 250,62 250,63 250,64 250,65 249,66 248,66 248,67 248,68 248,69 249,68 249,67
257,55 257,54 258,54 258,55 259,54 259,55 260,54 260,55 260,56 260,57 261,56 261,55 261,54
261,57 262,58 262,59 262,60 262,61 262,62 262,63 261,64 260,64 260,65 260,66 260,67 260,68 260,69 261,68 261,67 261,66 261,65
263,60 263,61 263,62 263,63
255,57 254,57 253,57 253,58 253,59
251,61 251,62 251,63 251,64 251,65
276,60 276,61 276,62 276,63 275,64 274,64 274,65 274,66 274,67 273,68 272,68 272,69 271,70 270,70 270,71 271,71
277,61 277,60 278,60 278,61 277,62 277,63
279,61 279,60 280,60 280,61 281,60 281,61 282,62 282,63 283,62 283,63 284,62 284,63 284,64 284,65 284,66 284,67 283,68 282,68 282,69 282,70 282,71 282,72 282,73 282,74 282,75 283,74 283,73 283,72 283,71 283,70 283,69
285,65 285,64 285,63 285,62
275,65 275,66 275,67
250,76 250,77 249,78 248,78 247,78 246,78 245,78 244,78 244,79 243,80 242,80 241,80 240,80 240,81 241,81 242,81 243,81
251,77 251,76 252,76 252,77 253,76 253,77 254,78 254,79 255,78 255,79 256,78 256,79 257,78 257,79
249,79 248,79 247,79 246,79 245,79
270,80 270,81 271,80 271,81 272,80 272,81 273,80 273,81 274,80 274,81 275,80 275,81 276,80 276,81 276,82 276,83 276,84 276,85 276,86 276,87 276,88 276,89 276,90 276,91 275,92 274,92 274,93 274,94 274,95 274,96 274,97 275,96 275,95 275,94 275,93
277,83 277,82 277,81 277,80
277,84 277,85 277,86 277,87 277,88 277,89 277,90 277,91
256,102 256,103 255,104 254,104 254,105 253,106 252,106 252,107 253,107
257,103 257,102 258,102 258,103 259,102 259,103 260,104 260,105 260,106 260,107 260,108 260,109 261,108 261,107 261,106 261,105 261,104 262,104 262,105 263,104 263,105
70,116 70,117 69,118 68,118 68,119 67,120 66,120 66,121 65,122 64,122 64,123 63,124 62,124 62,125 62,126 62,127 62,128 62,129 62,130 62,131 61,132 60,132 60,133 60,134 60,135 60,136 60,137 60,138 60,139 60,140 60,141 61,140 61,139 61,138 61,137 61,136 61,135 61,134 61,133
72,118 72,119 72,120 72,121 73,120 73,119 73,118
73,121 74,122 74,123 73,124 72,124 72,125 71,126 70,126 70,127 69,128 68,128 68,129 67,130 66,130 66,131 66,132 66,133 65,134 64,134 64,135 64,136 64,137 64,138 64,139 65,138 65,137 65,136 65,135
67,131 67,132 67,133
65,139 66,140 66,141 67,140 67,141 68,142 68,143 69,142 69,143 70,144 70,145 69,146 68,146 68,147 67,148 66,148 65,147 64,146 64,145 64,144 63,143 62,142 61,141
63,131 63,130 63,129 63,128 63,127 63,126 63,125
398,118 398,119 397,120 396,120 395,120 394,120 394,121 393,122 392,122 391,122 390,122 390,123 389,124 388,124 388,125 388,126 388,127 387,128 386,128 386,129 386,130 386,131 385,132 384,132 384,133 384,134 384,135 384,136 384,137 383,138 382,138 382,139 382,140 382,141 381,142 380,142 380,143 380,144 380,145 380,146 380,147 379,148 378,148 378,149 378,150 378,151 378,152 378,153 377,154 376,154 376,155 376,156 376,157 375,158 374,158 374,159 373,160 372,160 372,161 371,162 370,162 369,162 368,162 367,162 366,162 366,163 365,164 364,164 364,165 364,166 364,167 363,168 362,168 362,169 362,170 362,171 361,172 360,172 360,173 359,174 358,174 358,175 358,176 358,177 357,178 356,178 356,179 356,180 356,181 355,182 354,182 354,183 355,183 356,182 356,183 357,182 357,181 357,180 357,179
399,119 399,118 400,118 400,119 401,118 401,119 402,120 402,121 402,122 402,123 402,124 402,125 401,126 400,126 400,127 400,128 400,129 400,130 400,131 400,132 400,133 399,134 398,134 398,135 398,136 398,137 398,138 398,139 398,140 398,141 397,142 396,142 396,143 395,144 394,144 393,144 392,144 391,144 390,144 389,144 388,144 388,145 387,146 386,146 385,146 384,146 383,146 382,146 381,145 381,144 381,143
403,122 403,123 403,124 403,125
401,127 401,128 401,129 401,130 401,131 401,132 401,133
399,135 399,136 399,137 399,138 399,139 399,140 399,141
397,143 396,144 395,145 394,145 393,145 392,145 391,145 390,145 389,145
397,144 396,145 396,146 396,147 396,148 396,149 395,150 394,150 394,151 394,152 394,153 394,154 394,155 393,156 392,156 392,157 391,158 390,158 389,158 388,158 387,158 386,158 385,158 384,158 383,158 382,158 382,159 381,160 380,160 379,160 378,160 377,160 376,160 375,159 374,160 373,161 374,161 375,160 375,161 376,161 377,161 378,161 379,161 380,161 381,161
397,145 397,146 397,147 397,148 397,149
387,147 386,147 385,147 384,147 383,147 382,147 381,146 381,147
383,141 383,140 383,139
385,137 385,136 385,135 385,134 385,133
387,131 387,130 387,129
389,127 389,126 389,125
391,123 392,123 393,123
395,121 396,121 397,121
379,149 379,150 379,151 379,152 379,153
377,155 377,156 377,157
383,159 384,159 385,159 386,159 387,159 388,159 389,159 390,159 391,159
393,157 394,156 394,157 395,156 395,155 395,154 395,153 395,152 395,151
395,157 396,156 396,157 397,156 397,157 398,156 398,157 399,156 399,157 400,156 400,157 401,156 401,157
402,155 402,154 403,154 403,155 404,154 404,155 405,154 405,155 406,154 406,155 406,156 406,157 405,158 404,158 404,159 404,160 404,161 404,162 404,163 403,164 402,164 402,165 402,166 402,167 402,168 402,169 401,170 400,170 400,171 400,172 400,173 399,174 398,174 397,174 396,174 396,175 395,176 394,176 393,175 392,174 392,173 392,172 393,172 393,173 393,174 392,175 392,176 392,177 391,178 390,178 390,179 390,180 390,181 390,182 390,183 389,184 388,184 388,185 388,186 388,187 388,188 388,189 387,190 386,190 386,191 386,192 386,193 386,194 386,195 385,196 384,196 384,197 384,198 384,199 384,200 384,201 383,202 382,202 382,203 382,204 382,205 382,206 382,207 381,208 380,208 380,209 380,210 380,211 380,212 380,213 379,214 378,214 378,215 378,216 378,217 378,218 378,219 377,220 376,220 376,221 376,222 376,223 376,224 376,225 375,226 374,226 374,227 374,228 374,229 374,230 374,231 373,232 372,232 372,233 372,234 372,235 372,236 372,237 372,238 372,239 371,240 370,240 370,241 370,242 370,243 370,244 370,245 369,246 368,246 368,247 368,248 368,249 368,250 368,251 367,252 366,252 366,253 366,254 366,255 366,256 366,257 365,258 364,258 364,259 364,260 364,261 364,262 364,263 363,264 362,264 362,265 362,266 362,267 362,268 362,269 361,270 360,270 360,271 360,272 360,273 360,274 360,275 359,276 358,276 358,277 358,278 358,279 358,280 358,281 357,282 356,282 356,283 356,284 356,285 356,286 356,287 355,288 354,288 354,289 354,290 354,291 354,292 354,293 353,294 352,294 352,295 352,296 352,297 352,298 352,299 351,300 350,300 350,301 350,302 350,303 351,302 351,301
407,157 407,156 407,155 407,154
405,159 405,160 405,161 405,162 405,163
403,165 403,166 403,167 403,168 403,169
401,171 401,172 401,173
399,175 398,175 397,175
395,177 394,177 393,176 393,177
394,171 394,170 394,169 394,168 393,167 392,166 391,166 390,166 389,165 388,164 387,164 386,164 385,164 384,164 384,165 383,166 382,166 381,166 380,166 379,166 378,166 377,166 376,166 376,167 375,168 374,168 373,168 372,168 371,168 370,168 370,169 370,170 370,171 369,172 368,172 368,173 368,174 368,175 368,176 368,177 367,178 366,178 366,179 365,180 364,180 363,180 362,180 361,180 360,180 360,181 359,182 358,182 357,183 358,183 359,183
395,171 395,170 395,169 395,168
393,166 392,167 391,167 390,167
389,164 388,165 387,165 386,165 385,165
383,167 382,167 381,167 380,167 379,167 378,167 377,167
375,169 374,169 373,169 372,169 371,169 371,170 371,171
369,173 369,174 369,175 369,176 369,177
367,179 366,180 365,181 364,181 363,181 362,181 361,181
367,180 366,181 365,182 364,182 364,183 364,184 364,185 364,186 364,187 363,188 362,188 362,189 362,190 362,191 362,192 362,193 361,194 360,194 360,195 360,196 360,197 360,198 360,199 359,200 358,200 358,201 358,202 358,203 358,204 358,205 357,206 356,206 356,207 356,208 356,209 355,210 354,210 354,211 354,212 354,213 354,214 354,215 353,216 352,216 352,217 352,218 352,219 352,220 352,221 351,222 350,222 350,223 350,224 350,225 350,226 350,227 349,228 348,228 348,229 348,230 348,231 348,232 348,233 347,234 346,234 346,235 346,236 346,237 345,238 344,238 344,239 344,240 344,241 344,242 344,243 343,244 342,244 342,245 342,246 342,247 342,248 342,249 341,250 340,250 340,251 340,252 340,253 340,254 340,255 339,256 338,256 338,257 338,258 338,259 338,260 338,261 337,262 336,262 336,263 336,264 336,265 335,266 334,266 334,267 334,268 334,269 334,270 334,271 333,272 332,272 332,273 332,274 332,275 332,276 332,277 331,278 330,278 330,279 330,280 330,281 330,282 330,283 329,284 328,284 328,285 328,286 328,287 328,288 328,289 327,290 326,290 326,291 326,292 326,293 325,294 324,294 324,295 324,296 324,297 324,298 324,299 323,300 322,300 322,301 322,302 322,303 323,302 323,301
365,183 365,184 365,185 365,186 365,187
359,177 359,176 359,175
363,171 363,170 363,169
365,167 365,166 365,165
367,163 368,163 369,163 370,163 371,163
363,189 363,190 363,191 363,192 363,193
361,195 361,196 361,197 361,198 361,199
359,201 359,202 359,203 359,204 359,205
357,207 357,208 357,209
355,211 355,212 355,213 355,214 355,215
353,217 353,218 353,219 353,220 353,221
351,223 351,224 351,225 351,226 351,227
349,229 349,230 349,231 349,232 349,233
347,235 347,236 347,237
345,239 345,240 345,241 345,242 345,243
343,245 343,246 343,247 343,248 343,249
341,251 341,252 341,253 341,254 341,255
339,257 339,258 339,259 339,260 339,261
337,263 337,264 337,265
335,267 335,268 335,269 335,270 335,271
333,273 333,274 333,275 333,276 333,277
331,279 331,280 331,281 331,282 331,283
329,285 329,286 329,287 329,288 329,289
327,291 327,292 327,293
325,295 325,296 325,297 325,298 325,299
391,179 391,180 391,181 391,182 391,183
389,185 389,186 389,187 389,188 389,189
387,191 387,192 387,193 387,194 387,195
385,197 385,198 385,199 385,200 385,201
383,203 383,204 383,205 383,206 383,207
381,209 381,210 381,211 381,212 381,213
379,215 379,216 379,217 379,218 379,219
377,221 377,222 377,223 377,224 377,225
375,227 375,228 375,229 375,230 375,231
373,233 373,234 373,235 373,236 373,237 373,238 373,239
371,241 371,242 371,243 371,244 371,245
369,247 369,248 369,249 369,250 369,251
367,253 367,254 367,255 367,256 367,257
365,259 365,260 365,261 365,262 365,263
363,265 363,266 363,267 363,268 363,269
361,271 361,272 361,273 361,274 361,275
359,277 359,278 359,279 359,280 359,281
357,283 357,284 357,285 357,286 357,287
355,289 355,290 355,291 355,292 355,293
353,295 353,296 353,297 353,298 353,299
236,126 236,127 235,128 234,128 233,128 232,128 232,129 231,130 230,130 229,130 228,130 228,131 227,132 226,132 225,132 224,132 224,133 223,134 222,134 222,135 221,136 220,136 220,137 220,138 220,139 219,140 218,140 218,141 218,142 218,143 217,144 216,144 216,145 216,146 216,147 216,148 216,149 216,150 216,151 216,152 216,153 217,152 217,151 217,150 217,149 217,148 217,147 217,146 217,145
237,127 237,126 238,126 238,127 239,126 239,127 240,126 240,127 241,126 241,127 242,126 242,127 243,126 243,127 244,126 244,127 245,126 245,127 246,126 246,127 247,126 247,127 248,126 248,127 249,126 249,127 250,126 250,127 251,126 251,127 252,126 252,127 253,126 253,127 254,128 254,129 255,128 255,129 256,130 256,131 256,132 256,133 257,132 257,131 257,130
257,133 258,134 258,135 259,134 259,135 260,136 260,137 260,138 260,139 260,140 260,141 259,142 258,142 258,143 258,144 258,145 258,146 258,147 258,148 258,149 257,150 256,150 256,151 255,152 254,152 253,152 252,152 251,152 250,152 249,152 248,152 247,152 246,152 245,152 244,152 243,151 242,150 241,150 240,150 239,150 238,150 237,150 236,150 235,150 234,150 233,150 232,150 231,150 230,150 230,151 229,152 228,152 227,152 226,152 226,153 225,154 224,154 224,155 223,156 222,156 221,155 220,154 219,154 218,154 217,153
261,138 261,139 261,140 261,141
259,143 259,144 259,145 259,146 259,147 259,148 259,149
255,153 254,153 253,153 252,153 251,153 250,153 249,153 248,153 247,153 246,153 245,153 244,153 243,152 242,151 241,151 240,151 239,151 238,151 237,151 236,151 235,151 234,151 233,151 232,151 231,151
253,154 252,154 252,155 251,156 250,156 250,157 249,158 248,158 247,158 246,158 245,158 244,158 243,158 242,158 241,158 240,158 239,158 238,158 237,158 236,158 235,158 234,158 233,158 232,158 231,158 230,158 229,158 228,158 227,157 226,156 225,155 224,156 223,157 222,157
243,153 242,152 242,153
229,153 228,153 227,153
229,159 228,159 227,158 226,157 225,156 224,157 224,158 224,159 225,158 225,157 226,158 225,159 226,159 227,159
230,159 231,159 232,159 233,159 234,159 235,159 236,159 237,159 238,159 239,159 240,159 241,159 242,159 243,159 244,159 245,159 246,159 247,159 248,159 249,159
221,154 220,155 219,155 218,155
219,143 219,142 219,141
221,139 221,138 221,137
225,133 226,133 227,133
229,131 230,131 231,131
233,129 234,129 235,129
124,136 124,137 123,138 122,138 121,138 120,138 120,139 120,140 120,141 119,142 118,142 118,143 117,144 116,144 116,145 115,146 114,146 114,147 113,148 112,148 111,148 110,148 109,148 108,148 107,148 106,148 105,148 104,148 103,148 102,148 102,149 103,149 104,149 105,149 106,149 107,149 108,149 109,149 110,149 111,149 112,149 113,149
125,137 125,136 126,136 126,137 127,136 127,137 128,136 128,137 129,136 129,137 130,138 130,139 131,138 131,139 132,140 132,141 133,140 133,141 134,142 134,143 135,142 135,143 136,144 136,145 137,144 137,145 138,146 138,147 138,148 138,149 137,150 136,150 136,151 135,152 134,152 133,152 132,152 131,152 130,152 129,152 128,152 127,152 126,152 125,151 124,150 123,150 122,150 121,149 120,148 119,147 118,146 117,145 118,144 118,145 119,144 119,143
135,153 134,153 133,153 132,153 131,153 130,153 129,153 128,153 127,153 126,153
125,150 124,151 123,151 122,151 121,152 120,152 119,152 118,152 117,152 116,152 115,152 114,152 113,152 112,152 112,153 113,153 114,153 115,153 116,153 117,153 118,153 119,153 120,153 121,153
121,141 121,140 121,139 122,139 123,139
388,172 388,173 388,174 388,175 387,176 386,176 386,177 386,178 386,179 386,180 386,181 385,182 384,182 384,183 384,184 384,185 384,186 384,187 383,188 382,188 382,189 382,190 382,191 381,192 380,192 380,193 380,194 380,195 380,196 380,197 379,198 378,198 378,199 378,200 378,201 378,202 378,203 377,204 376,204 376,205 376,206 376,207 376,208 376,209 375,210 374,210 374,211 374,212 374,213 374,214 374,215 373,216 372,216 372,217 372,218 372,219 372,220 372,221 371,222 370,222 370,223 370,224 370,225 369,226 368,226 368,227 368,228 368,229 368,230 368,231 367,232 366,232 366,233 366,234 366,235 366,236 366,237 365,238 364,238 364,239 364,240 364,241 364,242 364,243 363,244 362,244 362,245 362,246 362,247 362,248 362,249 361,250 360,250 360,251 360,252 360,253 359,254 358,254 358,255 358,256 358,257 358,258 358,259 357,260 356,260 356,261 356,262 356,263 356,264 356,265 355,266 354,266 354,267 354,268 354,269 354,270 354,271 353,272 352,272 352,273 352,274 352,275 352,276 352,277 351,278 350,278 350,279 350,280 350,281 350,282 350,283 349,284 348,284 348,285 348,286 348,287 347,288 346,288 346,289 346,290 346,291 346,292 346,293 345,294 344,294 344,295 344,296 344,297 344,298 344,299 343,300 342,300 342,301 342,302 342,303 343,302 343,301
387,177 387,178 387,179 387,180 387,181
385,183 385,184 385,185 385,186 385,187
383,189 383,190 383,191
381,193 381,194 381,195 381,196 381,197
379,199 379,200 379,201 379,202 379,203
377,205 377,206 377,207 377,208 377,209
375,211 375,212 375,213 375,214 375,215
373,217 373,218 373,219 373,220 373,221
371,223 371,224 371,225
369,227 369,228 369,229 369,230 369,231
367,233 367,234 367,235 367,236 367,237
365,239 365,240 365,241 365,242 365,243
363,245 363,246 363,247 363,248 363,249
361,251 361,252 361,253
359,255 359,256 359,257 359,258 359,259
357,261 357,262 357,263 357,264 357,265
355,267 355,268 355,269 355,270 355,271
353,273 353,274 353,275 353,276 353,277
351,279 351,280 351,281 351,282 351,283
349,285 349,286 349,287
347,289 347,290 347,291 347,292 347,293
345,295 345,296 345,297 345,298 345,299
216,180 216,181 217,180 217,181 218,182 218,183 218,184 218,185 219,184 219,183 219,182
219,185 220,186 220,187 221,186 221,187 222,186 222,187 223,186 223,187 224,186 224,187 225,186 225,187 226,186 226,187 227,186 227,187
166,258 166,259 165,260 164,260 164,261 164,262 164,263 163,264 162,264 162,265 162,266 162,267 163,266 163,265 164,266 163,267 164,267 165,266 165,267 166,268 166,269 167,268 167,269 168,268 168,269 169,268 169,269
167,259 167,258 168,258 168,259 169,258 169,259 170,260 170,261 171,260 171,261 172,262 172,263 171,264 170,264 170,265 170,266 170,267 171,266 171,265
165,263 165,262 165,261
198,266 198,267 198,268 198,269 198,270 198,271 198,272 198,273 198,274 198,275 198,276 198,277 199,276 199,275 199,274 199,273 199,272 199,271 199,270 199,269 199,268 199,267 199,266 200,266 200,267 201,266 201,267 202,266 202,267 203,266 203,267 204,266 204,267 204,268 204,269 204,270 204,271 204,272 204,273 204,274 204,275 203,276 202,276 201,276 200,276 199,277 200,277 201,277 202,277 203,277 204,276 204,277 205,276 205,275 205,274 205,273 205,272 205,271 205,270 205,269 205,268 205,267 205,266